99.916	98.271	99.943	99.995	99.951	99.944	99.930	99.885
99.925	98.283	99.916	99.996	99.970	99.964	99.914	99.883
99.936	98.279	99.894	99.997	99.986	99.980	99.909	99.891
99.930	98.280	99.896	99.996	99.988	99.968	99.919	99.889
99.913	98.276	99.902	99.999	99.984	99.970	99.925	99.900
99.915	98.274	99.918	100.000	99.966	99.970	99.933	99.903
99.888	98.243	99.919	99.998	99.969	99.957	99.931	99.890
99.891	98.223	99.930	99.998	99.976	99.968	99.930	99.875
99.898	98.207	99.925	99.995	99.984	99.953	99.915	99.886
99.891	98.196	99.932	99.997	99.978	99.957	99.932	99.890
99.881	98.199	99.946	99.997	99.952	99.953	99.940	99.893
99.892	98.858	99.944	99.996	99.957	99.954	99.927	99.881
99.896	98.983	99.939	99.993	99.960	99.960	99.919	99.899
99.891	99.143	99.928	99.995	99.931	99.956	99.921	99.910
99.885	99.221	99.925	99.995	99.950	99.935	99.921	99.918
99.897	99.244	99.921	99.994	99.962	99.934	99.921	99.927
99.892	99.264	99.946	99.995	99.948	99.919	99.916	99.940
99.885	99.229	99.946	99.996	99.944	99.914	99.922	99.931
99.902	99.216	99.954	99.997	99.945	99.921	99.925	99.940
99.908	99.183	99.935	99.996	99.941	99.917	99.929	99.917
99.901	99.144	99.935	99.994	99.937	99.916	99.911	99.922
99.917	99.144	99.943	99.996	99.935	99.912	99.902	99.920
99.898	99.091	99.936	99.994	99.939	99.895	99.889	99.937
99.900	99.068	99.943	99.996	99.933	99.907	99.902	99.936
99.899	99.029	99.943	99.993	99.936	99.898	99.887	99.947
99.899	98.912	99.944	99.991	99.947	99.895	99.873	99.960
99.886	98.276	99.960	99.991	99.941	99.894	99.886	99.962
99.882	98.091	99.958	99.992	99.939	99.894	99.884	99.960
99.876	97.881	99.973	99.991	99.949	99.887	99.886	99.963
99.868	97.769	99.976	99.992	99.934	99.893	99.879	99.971
99.869	97.684	99.980	99.993	99.925	99.875	99.885	99.946
99.867	97.617	99.973	99.994	99.932	99.884	99.888	99.942
99.865	97.603	99.981	99.992	99.930	99.881	99.903	99.932
99.857	97.542	99.980	99.989	99.934	99.872	99.884	99.930
99.852	97.491	99.993	99.991	99.924	99.878	99.884	99.937
99.850	97.492	99.986	99.991	99.930	99.879	99.876	99.927
99.845	97.444	99.972	99.992	99.926	99.891	99.881	99.931
99.863	97.556	99.960	99.993	99.926	99.896	99.893	99.908
99.857	97.584	99.949	99.993	99.924	99.905	99.888	99.904
99.879	97.613	99.944	99.995	99.924	99.927	99.912	99.896
99.884	97.575	99.926	99.997	99.935	99.918	99.920	99.896
99.892	97.513	99.921	99.998	99.956	99.929	99.909	99.887
99.903	97.459	99.918	99.998	99.962	99.923	99.913	99.887
99.891	97.410	99.919	99.999	99.957	99.919	99.909	99.897
99.894	97.343	99.915	99.999	99.967	99.938	99.921	99.882
99.892	97.281	99.921	99.999	99.960	99.940	99.929	99.898
99.888	97.205	99.926	99.998	99.950	99.927	99.941	99.892
99.891	97.174	99.921	100.000	99.939	99.930	99.929	99.892
99.902	97.106	99.917	100.001	99.934	99.943	99.947	99.887
99.903	97.016	99.914	100.001	99.944	99.938	99.937	99.877
99.900	96.978	99.915	100.002	99.939	99.954	99.952	99.876
99.918	96.920	99.917	100.000	99.963	99.942	99.956	99.874
99.922	96.719	99.908	99.999	99.965	99.941	99.936	99.884
99.933	96.599	99.906	99.999	99.964	99.930	99.942	99.876
99.934	96.481	99.912	99.999	99.970	99.917	99.929	99.873
99.942	96.432	99.900	99.999	99.969	99.922	99.924	99.873
99.936	96.388	99.904	99.998	99.956	99.929	99.919	99.872
99.934	96.356	99.909	99.998	99.954	99.932	99.912	99.852
99.944	96.342	99.910	99.998	99.962	99.946	99.913	99.848
99.952	96.323	99.922	99.997	99.957	99.925	99.907	99.857
99.966	96.326	99.901	99.999	99.973	99.950	99.898	99.857
99.966	96.320	99.887	99.999	99.978	99.957	99.889	99.851
99.965	96.282	99.887	99.999	99.976	99.966	99.885	99.863
99.957	96.278	99.903	100.000	99.963	99.970	99.891	99.875
99.968	96.295	99.901	99.999	99.965	99.960	99.892	99.881
99.967	96.262	99.898	99.999	99.963	99.953	99.905	99.892
99.963	96.240	99.897	99.999	99.957	99.959	99.907	99.890
99.958	96.265	99.914	99.999	99.947	99.962	99.928	99.900
99.951	96.280	99.906	99.998	99.944	99.965	99.931	99.907
99.941	96.270	99.899	99.996	99.939	99.960	99.926	99.895
99.942	96.238	99.905	99.995	99.952	99.962	99.927	99.890
99.937	96.264	99.914	99.995	99.950	99.965	99.934	99.899
99.933	96.251	99.911	99.995	99.937	99.960	99.939	99.911
99.951	96.236	99.898	99.997	99.940	99.955	99.938	99.901
99.942	96.264	99.887	99.997	99.951	99.951	99.933	99.907
99.937	96.237	99.907	99.993	99.951	99.939	99.921	99.903
99.949	96.228	99.911	99.992	99.949	99.934	99.915	99.912
99.941	96.233	99.915	99.992	99.949	99.928	99.918	99.919
99.930	96.241	99.916	99.989	99.952	99.906	99.922	99.926
99.923	96.267	99.914	99.989	99.953	99.911	99.932	99.937
99.931	96.260	99.906	99.988	99.973	99.917	99.904	99.933
99.934	96.276	99.904	99.991	99.966	99.921	99.898	99.949
99.914	96.252	99.904	99.992	99.957	99.917	99.890	99.939
99.905	96.241	99.908	99.992	99.961	99.920	99.884	99.953
99.907	96.249	99.918	99.993	99.949	99.918	99.889	99.966
99.891	96.270	99.933	99.994	99.932	99.923	99.894	99.962
99.906	96.292	99.925	99.996	99.931	99.916	99.898	99.972
99.916	96.299	99.930	99.998	99.929	99.916	99.901	99.963
99.909	96.297	99.936	99.996	99.918	99.916	99.888	99.975
99.932	96.283	99.940	99.995	99.924	99.939	99.896	99.981
99.923	96.305	99.941	99.999	99.919	99.942	99.899	99.983
99.915	96.311	99.946	100.001	99.923	99.947	99.916	99.994
99.912	96.309	99.959	100.000	99.928	99.937	99.923	100.003
99.927	96.312	99.947	100.001	99.939	99.948	99.899	99.990
99.932	96.304	99.943	100.003	99.942	99.962	99.888	99.979
99.932	96.304	99.951	100.002	99.931	99.950	99.907	99.978
99.916	96.349	99.964	100.001	99.927	99.957	99.914	99.968
99.932	96.359	99.969	100.001	99.945	99.957	99.903	99.982
99.947	96.368	99.969	100.001	99.957	99.963	99.898	99.975
99.954	96.366	99.950	100.001	99.976	99.982	99.901	99.954
99.966	96.357	99.941	100.000	99.985	99.980	99.894	99.941
99.956	96.307	99.934	99.996	99.983	99.973	99.893	99.945
99.952	96.314	99.936	99.996	99.990	99.975	99.893	99.959
99.947	96.313	99.930	99.997	99.995	99.975	99.901	99.946
99.934	96.310	99.919	99.999	99.986	99.973	99.906	99.937
99.946	96.311	99.905	99.999	99.990	99.979	99.923	99.942
99.937	96.317	99.907	100.000	99.979	99.980	99.919	99.937
99.957	96.297	99.878	100.000	99.988	99.997	99.896	99.918
99.946	96.277	99.873	100.001	99.983	100.003	99.906	99.922
99.953	96.280	99.880	99.999	99.980	100.001	99.925	99.931
99.954	96.262	99.868	99.998	99.971	100.003	99.924	99.933
99.967	96.223	99.868	99.998	99.985	99.999	99.922	99.937
99.967	96.246	99.852	99.998	99.979	100.011	99.930	99.933
99.965	96.250	99.833	100.002	99.969	99.995	99.929	99.928
99.951	96.249	99.847	100.001	99.955	99.981	99.935	99.956
99.944	96.258	99.846	100.003	99.950	99.990	99.953	99.968
99.949	96.290	99.855	100.005	99.946	99.976	99.960	99.961
99.943	96.262	99.842	100.001	99.956	99.963	99.963	99.960
99.955	96.244	99.839	100.001	99.952	99.962	99.967	99.953
99.959	96.245	99.854	99.999	99.943	99.955	99.965	99.956
99.941	96.235	99.867	99.997	99.937	99.948	99.952	99.955
99.948	96.256	99.859	99.997	99.946	99.936	99.949	99.959
99.929	96.278	99.870	99.998	99.945	99.934	99.968	99.971
99.944	96.297	99.878	99.998	99.943	99.942	99.977	99.959
99.925	96.280	99.883	99.997	99.936	99.929	99.961	99.963
99.926	96.307	99.911	99.997	99.935	99.935	99.965	99.969
99.924	96.341	99.911	99.994	99.924	99.922	99.950	99.957
99.910	96.336	99.922	99.993	99.922	99.918	99.944	99.950
99.915	96.346	99.939	99.991	99.931	99.931	99.954	99.946
99.934	96.353	99.923	99.990	99.946	99.940	99.926	99.934
99.948	96.391	99.907	99.989	99.964	99.948	99.912	99.933
99.936	96.378	99.904	99.989	99.967	99.961	99.899	99.935
99.940	96.391	99.921	99.989	99.970	99.967	99.907	99.951
99.913	96.372	99.944	99.987	99.969	99.948	99.901	99.956
99.898	96.368	99.937	99.988	99.976	99.955	99.900	99.975
99.913	96.364	99.927	99.989	99.977	99.957	99.897	99.953
99.919	96.337	99.921	99.989	99.984	99.973	99.879	99.945
99.939	96.339	99.923	99.989	99.988	99.971	99.875	99.956
99.930	96.317	99.921	99.990	100.003	99.957	99.873	99.958
99.938	96.274	99.906	99.990	100.014	99.951	99.864	99.942
99.937	96.247	99.883	99.991	100.021	99.948	99.860	99.930
99.932	96.218	99.893	99.995	100.021	99.942	99.877	99.925
99.955	96.185	99.864	99.995	100.034	99.933	99.892	99.939
99.946	96.162	99.869	99.995	100.038	99.943	99.889	99.940
99.934	96.147	99.878	99.997	100.033	99.946	99.908	99.941
99.915	96.121	99.902	99.999	100.014	99.933	99.918	99.940
99.927	96.120	99.906	99.999	99.997	99.936	99.937	99.930
99.926	96.094	99.885	100.001	100.003	99.931	99.932	99.930
99.946	96.086	99.870	100.002	100.018	99.939	99.929	99.929
99.947	96.053	99.872	100.003	100.002	99.929	99.937	99.911
99.937	96.041	99.879	100.001	99.991	99.926	99.941	99.920
99.944	96.060	99.880	100.000	99.974	99.921	99.960	99.927
99.940	96.023	99.873	99.999	99.974	99.908	99.953	99.918
99.946	95.998	99.875	99.996	99.978	99.912	99.946	99.911
99.948	96.028	99.881	99.996	99.975	99.904	99.965	99.934
99.939	96.029	99.881	99.995	99.969	99.905	99.966	99.927
99.934	95.994	99.873	99.994	99.980	99.911	99.962	99.933
99.913	95.996	99.919	99.992	99.965	99.909	99.955	99.924
99.909	95.986	99.925	99.994	99.948	99.904	99.961	99.929
99.916	95.951	99.921	99.991	99.950	99.880	99.952	99.923
99.936	95.943	99.925	99.988	99.967	99.892	99.946	99.916
99.931	95.956	99.927	99.988	99.972	99.885	99.935	99.916
99.925	95.965	99.938	99.987	99.955	99.900	99.939	99.899
99.926	95.989	99.947	99.987	99.943	99.893	99.931	99.911
99.936	96.018	99.941	99.987	99.959	99.900	99.918	99.922
99.936	96.006	99.935	99.987	99.970	99.907	99.904	99.937
99.933	95.980	99.935	99.988	99.975	99.909	99.899	99.934
99.939	95.995	99.938	99.989	99.974	99.912	99.902	99.934
99.914	96.031	99.946	99.992	99.964	99.921	99.901	99.944
99.900	96.025	99.941	99.992	99.969	99.927	99.885	99.947
99.923	96.039	99.946	99.992	99.962	99.936	99.892	99.963
99.927	96.062	99.924	99.995	99.955	99.957	99.880	99.953
99.941	96.072	99.909	99.997	99.959	99.965	99.881	99.955
99.943	96.059	99.904	99.995	99.962	99.953	99.872	99.936
99.932	96.078	99.913	99.995	99.948	99.949	99.877	99.945
99.924	96.044	99.908	99.997	99.939	99.947	99.881	99.952
99.926	96.003	99.893	99.997	99.949	99.951	99.884	99.946
99.931	96.012	99.899	99.996	99.945	99.941	99.883	99.948
99.931	96.013	99.882	99.997	99.948	99.967	99.892	99.937
99.923	96.005	99.907	99.996	99.931	99.964	99.903	99.927
99.924	96.007	99.902	99.997	99.939	99.982	99.917	99.896
99.924	95.995	99.928	99.996	99.945	99.973	99.920	99.889
99.916	95.972	99.926	99.994	99.933	99.969	99.933	99.873
99.935	95.950	99.912	99.994	99.922	99.962	99.929	99.857
99.941	95.940	99.924	99.994	99.914	99.983	99.933	99.839
99.931	95.907	99.934	99.994	99.921	99.969	99.937	99.831
99.928	95.872	99.953	99.990	99.916	99.944	99.936	99.841
99.928	95.841	99.958	99.990	99.924	99.938	99.933	99.841
99.931	95.861	99.950	99.991	99.933	99.945	99.938	99.857
99.936	95.878	99.957	99.992	99.938	99.968	99.941	99.859
99.940	95.907	99.948	99.991	99.938	99.972	99.940	99.874
99.958	95.922	99.953	99.992	99.948	99.977	99.926	99.878
99.951	95.919	99.949	99.993	99.948	99.978	99.934	99.874
99.947	95.905	99.957	99.991	99.959	99.969	99.928	99.878
99.940	95.915	99.950	99.991	99.954	99.970	99.925	99.878
99.943	95.909	99.963	99.989	99.948	99.953	99.928	99.885
99.935	95.918	99.949	99.988	99.958	99.960	99.924	99.889
99.934	95.952	99.959	99.989	99.965	99.971	99.911	99.892
99.934	95.929	99.966	99.988	99.981	99.976	99.914	99.896
99.936	95.948	99.962	99.988	99.980	99.971	99.917	99.914
99.936	95.951	99.957	99.989	99.986	99.974	99.914	99.910
99.943	95.943	99.945	99.990	100.005	99.994	99.908	99.892
99.938	95.970	99.943	99.990	100.000	99.987	99.911	99.887
99.930	95.954	99.955	99.990	99.980	99.986	99.913	99.884
99.937	95.956	99.950	99.989	99.987	99.972	99.921	99.878
99.946	95.962	99.950	99.990	99.991	99.964	99.910	99.863
99.922	95.968	99.959	99.992	99.993	99.962	99.913	99.862
99.921	96.001	99.972	99.992	99.988	99.965	99.907	99.885
99.921	95.980	99.966	99.993	99.985	99.954	99.882	99.877
99.929	95.975	99.975	99.994	99.991	99.951	99.881	99.867
99.948	95.976	99.976	99.994	99.980	99.962	99.892	99.879
99.943	96.085	99.972	99.997	99.961	99.956	99.875	99.864
99.930	96.193	99.965	99.996	99.962	99.946	99.890	99.880
99.934	96.274	99.955	99.998	99.960	99.957	99.902	99.897
99.928	96.269	99.951	99.997	99.955	99.934	99.905	99.878
99.939	96.299	99.943	99.998	99.961	99.946	99.901	99.887
99.933	96.320	99.951	99.998	99.945	99.940	99.920	99.900
99.923	96.315	99.941	99.998	99.942	99.942	99.915	99.908
99.928	96.323	99.939	99.998	99.969	99.939	99.903	99.921
99.925	96.338	99.938	99.999	99.952	99.942	99.900	99.932
99.910	96.326	99.943	99.999	99.944	99.936	99.893	99.925
99.924	96.333	99.937	99.997	99.930	99.934	99.899	99.950
99.925	96.311	99.941	99.997	99.926	99.935	99.897	99.941
99.925	96.336	99.942	99.997	99.922	99.940	99.914	99.951
99.932	96.325	99.925	99.997	99.932	99.952	99.922	99.954
99.919	96.310	99.919	99.999	99.943	99.955	99.925	99.945
99.919	96.192	99.921	99.998	99.946	99.949	99.945	99.959
99.943	96.093	99.924	99.999	99.952	99.962	99.941	99.955
99.939	96.026	99.948	99.996	99.933	99.949	99.947	99.953
99.940	95.999	99.945	99.996	99.946	99.956	99.944	99.958
99.919	95.966	99.962	99.993	99.927	99.932	99.947	99.966
99.925	95.952	99.956	99.993	99.925	99.940	99.944	99.949
99.926	95.912	99.972	99.993	99.923	99.938	99.957	99.957
99.938	95.902	99.959	99.993	99.912	99.944	99.968	99.944
99.930	95.876	99.962	99.992	99.917	99.949	99.967	99.940
99.953	95.847	99.949	99.989	99.923	99.954	99.988	99.945
99.966	95.822	99.936	99.989	99.920	99.940	99.979	99.908
99.967	95.803	99.920	99.989	99.946	99.945	99.988	99.904
99.962	95.803	99.919	99.989	99.940	99.946	100.008	99.902
99.961	95.805	99.909	99.991	99.948	99.937	99.998	99.919
99.960	95.800	99.919	99.988	99.943	99.923	99.995	99.940
99.975	95.789	99.910	99.988	99.951	99.937	99.982	99.938
99.953	95.800	99.904	99.989	99.949	99.936	99.968	99.933
99.954	95.825	99.898	99.991	99.952	99.943	99.977	99.928
99.949	95.810	99.899	99.992	99.928	99.959	99.981	99.919
99.959	95.791	99.882	99.994	99.938	99.965	99.963	99.910
99.967	95.782	99.884	99.993	99.943	99.957	99.974	99.927
99.966	95.808	99.876	99.992	99.931	99.949	99.965	99.924
99.939	95.804	99.893	99.992	99.916	99.949	99.954	99.928
99.957	95.792	99.880	99.991	99.933	99.948	99.950	99.915
99.934	95.804	99.886	99.995	99.923	99.951	99.934	99.909
99.928	95.776	99.879	99.993	99.942	99.962	99.938	99.927
99.919	95.787	99.887	99.993	99.927	99.965	99.928	99.926
99.923	95.766	99.888	99.994	99.929	99.956	99.918	99.923
99.916	95.763	99.908	99.994	99.919	99.960	99.921	99.917
99.917	95.749	99.890	99.993	99.923	99.965	99.927	99.913
99.894	95.742	99.916	99.992	99.910	99.957	99.926	99.907
99.895	95.743	99.910	99.994	99.906	99.964	99.939	99.907
99.904	95.715	99.890	99.993	99.913	99.966	99.922	99.909
99.906	95.719	99.903	99.992	99.934	99.949	99.904	99.911
99.923	95.724	99.899	99.993	99.953	99.972	99.893	99.909
99.925	95.746	99.894	99.993	99.954	99.993	99.880	99.905
99.933	95.727	99.885	99.994	99.977	100.002	99.876	99.897
99.937	95.671	99.888	99.993	99.985	99.987	99.888	99.893
99.936	95.651	99.884	99.994	99.974	99.978	99.887	99.911
99.945	95.657	99.881	99.995	99.976	99.989	99.902	99.907
99.928	95.663	99.904	99.997	99.965	99.992	99.899	99.915
99.953	95.650	99.893	100.000	99.975	99.990	99.899	99.925
99.952	95.621	99.897	99.996	99.967	99.998	99.901	99.933
99.950	95.622	99.888	99.996	99.967	99.989	99.902	99.925
99.939	95.609	99.900	99.998	99.962	99.978	99.899	99.923
99.960	95.616	99.886	99.998	99.971	99.973	99.908	99.924
99.966	95.597	99.896	99.996	99.980	99.982	99.908	99.932
99.959	95.598	99.898	99.997	99.988	99.965	99.899	99.926
99.969	95.597	99.891	99.999	99.981	99.977	99.919	99.931
99.953	95.594	99.899	99.999	99.953	99.970	99.931	99.926
99.943	95.573	99.915	100.000	99.946	99.954	99.930	99.918
99.943	95.578	99.917	99.999	99.938	99.942	99.931	99.936
99.943	95.629	99.917	100.001	99.941	99.945	99.927	99.939
99.940	95.633	99.928	100.002	99.934	99.952	99.929	99.931
99.951	95.625	99.921	100.000	99.939	99.957	99.920	99.932
99.947	95.658	99.930	99.998	99.926	99.962	99.932	99.922
99.924	95.668	99.936	99.997	99.919	99.967	99.932	99.908
99.927	95.683	99.934	99.999	99.939	99.968	99.911	99.914
99.922	95.689	99.952	99.999	99.931	99.968	99.912	99.911
99.918	95.708	99.959	99.997	99.936	99.968	99.901	99.916
99.920	95.726	99.962	99.997	99.927	99.982	99.903	99.919
99.916	95.727	99.951	99.997	99.933	99.963	99.886	99.918
99.921	95.744	99.963	99.996	99.913	99.968	99.906	99.918
99.924	95.756	99.957	99.992	99.919	99.957	99.907	99.917
99.926	95.772	99.948	99.991	99.920	99.953	99.910	99.934
99.918	95.778	99.936	99.989	99.934	99.952	99.916	99.945
99.920	95.779	99.942	99.988	99.921	99.968	99.918	99.939
99.927	95.784	99.927	99.988	99.915	99.965	99.929	99.932
99.923	95.802	99.937	99.987	99.921	99.968	99.949	99.939
99.910	95.785	99.943	99.987	99.918	99.957	99.958	99.945
99.932	95.738	99.909	99.987	99.935	99.943	99.944	99.940
99.954	95.716	99.905	99.986	99.947	99.939	99.952	99.939
99.951	95.697	99.900	99.984	99.924	99.933	99.958	99.921
99.954	95.685	99.881	99.985	99.925	99.940	99.962	99.917
99.964	95.661	99.876	99.986	99.913	99.952	99.979	99.908
99.954	95.648	99.869	99.987	99.917	99.959	99.972	99.906
99.945	95.643	99.892	99.986	99.903	99.955	99.990	99.911
99.945	95.612	99.877	99.986	99.905	99.960	99.989	99.906
99.923	95.598	99.891	99.987	99.903	99.957	99.962	99.908
99.918	95.553	99.882	99.986	99.915	99.946	99.969	99.904
99.922	95.564	99.889	99.989	99.913	99.952	99.967	99.902
99.916	95.579	99.888	99.991	99.912	99.941	99.977	99.908
99.927	95.557	99.889	99.990	99.916	99.943	99.973	99.909
99.919	95.530	99.893	99.990	99.903	99.950	99.947	99.913
99.907	95.545	99.894	99.990	99.914	99.945	99.941	99.919
99.897	95.530	99.903	99.991	99.916	99.937	99.952	99.930
99.882	95.534	99.903	99.992	99.901	99.940	99.941	99.928
99.887	95.566	99.922	99.996	99.923	99.956	99.941	99.933
99.887	95.572	99.922	99.995	99.934	99.948	99.925	99.944
99.883	95.615	99.911	99.995	99.936	99.931	99.921	99.956
99.881	95.591	99.916	99.993	99.952	99.915	99.930	99.961
99.886	95.585	99.905	99.996	99.944	99.925	99.937	99.949
99.894	95.618	99.920	99.996	99.946	99.938	99.938	99.952
99.910	95.627	99.898	99.998	99.948	99.931	99.958	99.949
99.904	95.647	99.923	99.999	99.930	99.936	99.967	99.944
99.883	95.642	99.936	99.997	99.933	99.925	99.960	99.950
99.893	95.638	99.940	99.996	99.945	99.933	99.953	99.949
99.891	95.641	99.939	99.998	99.939	99.936	99.953	99.958
99.886	95.640	99.923	100.000	99.949	99.919	99.960	99.942
99.907	95.664	99.920	99.999	99.946	99.935	99.958	99.940
99.899	95.715	99.918	99.998	99.956	99.943	99.951	99.940
99.903	95.738	99.918	99.997	99.957	99.950	99.955	99.949
99.908	95.731	99.906	99.993	99.944	99.945	99.949	99.960
99.906	95.746	99.916	99.995	99.938	99.951	99.962	99.952
99.901	95.738	99.938	99.996	99.939	99.959	99.982	99.950
99.906	95.742	99.933	99.997	99.925	99.960	99.971	99.957
99.908	95.732	99.937	99.995	99.937	99.958	99.957	99.960
99.894	95.733	99.932	99.995	99.943	99.953	99.948	99.963
99.885	95.737	99.938	99.996	99.943	99.958	99.947	99.962
99.898	95.745	99.931	99.995	99.962	99.952	99.913	99.970
99.913	95.747	99.927	99.996	99.955	99.964	99.924	99.955
99.919	95.767	99.909	99.998	99.951	99.980	99.931	99.960
99.918	95.757	99.899	99.998	99.957	99.982	99.931	99.953
99.917	95.754	99.913	99.996	99.965	99.986	99.931	99.966
99.907	95.732	99.917	99.996	99.970	99.973	99.933	99.967
99.909	95.739	99.933	99.998	99.954	99.983	99.944	99.959
99.896	95.720	99.933	99.997	99.953	99.958	99.932	99.967
99.890	95.706	99.927	99.999	99.960	99.952	99.935	99.946
99.895	95.702	99.911	99.999	99.967	99.949	99.931	99.956
99.907	95.696	99.903	99.999	99.963	99.945	99.918	99.955
99.921	95.707	99.894	99.999	99.974	99.956	99.916	99.952
99.927	95.703	99.887	99.999	99.982	99.945	99.911	99.941
99.947	95.678	99.884	99.999	99.986	99.936	99.902	99.942
99.943	95.684	99.890	100.000	99.985	99.945	99.907	99.949
99.952	95.694	99.872	100.001	99.987	99.950	99.916	99.936
99.944	95.705	99.871	99.999	99.992	99.943	99.914	99.961
99.930	95.707	99.887	99.998	99.988	99.931	99.911	99.962
99.914	95.738	99.895	99.999	99.972	99.932	99.907	99.969
99.935	95.747	99.882	100.000	99.968	99.941	99.911	99.983
99.934	95.732	99.875	99.998	99.961	99.929	99.913	99.975
99.932	95.724	99.865	99.998	99.963	99.915	99.901	99.979
99.951	95.724	99.868	99.998	99.969	99.940	99.926	99.975
99.948	95.718	99.877	99.998	99.953	99.940	99.932	99.975
99.951	95.662	99.884	99.995	99.949	99.936	99.926	99.965
99.943	95.634	99.868	99.993	99.971	99.942	99.919	99.971
99.936	95.639	99.864	99.997	99.979	99.940	99.913	99.968
99.933	95.634	99.866	99.995	99.969	99.935	99.904	99.970
99.920	95.781	99.873	99.996	99.961	99.945	99.923	99.966
99.922	95.831	99.882	99.997	99.954	99.939	99.909	99.960
99.911	95.867	99.892	99.996	99.951	99.929	99.915	99.958
99.925	95.885	99.891	99.998	99.947	99.940	99.928	99.940
99.926	95.925	99.881	99.997	99.945	99.926	99.918	99.927
99.927	95.962	99.881	99.994	99.955	99.927	99.908	99.923
99.919	96.005	99.882	99.995	99.957	99.925	99.900	99.919
99.922	96.070	99.883	99.997	99.961	99.940	99.893	99.919
99.927	96.132	99.880	99.998	99.981	99.954	99.886	99.904
99.916	96.180	99.890	99.998	99.966	99.938	99.891	99.892
99.915	96.270	99.889	99.998	99.969	99.944	99.890	99.892
99.906	96.349	99.898	99.998	99.963	99.938	99.897	99.873
99.914	96.415	99.915	99.999	99.947	99.939	99.901	99.862
99.904	96.479	99.930	99.998	99.935	99.921	99.904	99.874
99.900	96.546	99.928	100.000	99.944	99.926	99.926	99.867
99.905	96.484	99.931	99.999	99.942	99.921	99.909	99.872
99.918	96.500	99.910	99.999	99.949	99.924	99.914	99.868
99.926	96.528	99.911	99.999	99.951	99.939	99.919	99.863
99.931	96.546	99.920	99.999	99.950	99.939	99.914	99.850
99.928	96.551	99.936	100.001	99.960	99.960	99.921	99.857
99.937	96.561	99.928	100.003	99.981	99.968	99.927	99.858
99.939	96.556	99.930	100.001	99.973	99.966	99.944	99.846
99.939	96.544	99.924	100.001	99.969	99.953	99.938	99.837
99.941	96.528	99.941	100.001	99.948	99.959	99.951	99.841
99.937	96.520	99.942	99.999	99.949	99.968	99.943	99.854
99.937	96.486	99.932	100.001	99.968	99.968	99.928	99.844
99.936	96.488	99.935	100.001	99.960	99.968	99.931	99.875
99.913	96.489	99.944	100.001	99.952	99.959	99.934	99.879
99.919	96.452	99.936	99.999	99.951	99.967	99.938	99.859
99.905	96.434	99.953	99.997	99.937	99.978	99.942	99.876
99.897	96.403	99.935	99.996	99.933	99.960	99.940	99.881
99.887	96.385	99.949	99.997	99.934	99.958	99.945	99.890
99.885	96.387	99.940	100.000	99.933	99.971	99.947	99.908
99.884	96.392	99.926	100.000	99.934	99.961	99.939	99.923
99.879	96.371	99.924	100.000	99.911	99.960	99.932	99.915
99.885	96.378	99.940	99.998	99.885	99.956	99.945	99.909
99.873	96.411	99.951	100.000	99.880	99.958	99.938	99.929
99.886	96.427	99.945	99.999	99.898	99.962	99.933	99.938
99.888	96.429	99.928	99.998	99.909	99.962	99.929	99.949
99.895	96.439	99.910	99.999	99.917	99.974	99.921	99.941
99.891	96.490	99.916	99.999	99.910	99.969	99.931	99.957
99.898	96.481	99.918	99.998	99.907	99.969	99.923	99.956
99.925	96.517	99.897	99.999	99.924	99.983	99.923	99.963
99.916	96.530	99.899	99.998	99.920	99.971	99.915	99.973
99.951	96.546	99.876	99.998	99.926	99.976	99.918	99.968
99.938	96.579	99.896	100.001	99.919	99.986	99.922	99.962
99.956	96.575	99.882	100.000	99.913	99.989	99.916	99.956
99.962	96.566	99.888	99.998	99.915	99.975	99.919	99.942
99.951	96.549	99.882	100.000	99.916	99.977	99.918	99.919
99.960	96.559	99.868	99.998	99.926	99.959	99.918	99.933
99.944	96.547	99.875	99.998	99.932	99.946	99.913	99.951
99.943	96.530	99.876	99.999	99.934	99.933	99.911	99.924
99.924	96.518	99.880	99.999	99.922	99.927	99.927	99.924
99.919	96.525	99.888	99.999	99.915	99.904	99.929	99.927
99.910	96.526	99.898	99.998	99.907	99.914	99.928	99.928
99.924	96.524	99.895	99.999	99.907	99.923	99.939	99.923
99.930	96.538	99.882	99.998	99.924	99.939	99.937	99.908
99.932	96.533	99.889	100.000	99.917	99.952	99.939	99.895
99.964	96.541	99.880	100.003	99.923	99.969	99.943	99.897
99.929	96.556	99.894	100.003	99.931	99.955	99.939	99.916
99.955	96.555	99.892	100.002	99.935	99.955	99.932	99.923
99.941	96.555	99.897	100.002	99.949	99.963	99.926	99.929
99.950	96.559	99.893	100.000	99.944	99.952	99.924	99.958
99.959	96.592	99.897	100.002	99.951	99.959	99.932	99.964
99.968	96.580	99.916	100.001	99.955	99.969	99.942	99.955
99.974	96.576	99.900	100.002	99.958	99.988	99.944	99.932
99.994	96.556	99.881	99.999	99.974	99.987	99.946	99.932
100.009	96.550	99.900	99.999	99.959	100.006	99.952	99.929
100.016	96.540	99.892	99.999	99.956	100.007	99.967	99.934
100.013	96.527	99.892	99.999	99.966	99.979	99.966	99.928
100.010	96.508	99.894	99.999	99.964	99.980	99.959	99.936
99.978	96.497	99.915	99.999	99.933	99.963	99.966	99.950
99.964	96.460	99.924	99.996	99.945	99.940	99.950	99.945
99.945	96.444	99.928	99.994	99.951	99.935	99.953	99.951
99.946	96.433	99.919	99.996	99.951	99.930	99.953	99.932
99.930	96.419	99.918	99.994	99.959	99.924	99.947	99.927
99.929	96.426	99.907	99.993	99.960	99.921	99.954	99.923
99.907	96.447	99.925	99.995	99.947	99.915	99.957	99.908
99.903	96.428	99.927	99.992	99.953	99.907	99.958	99.914
99.899	96.437	99.926	99.991	99.949	99.917	99.956	99.919
99.903	96.443	99.923	99.991	99.950	99.909	99.941	99.925
99.887	96.476	99.927	99.993	99.942	99.905	99.940	99.956
99.878	96.484	99.918	99.992	99.951	99.891	99.938	99.968
99.879	96.502	99.914	99.992	99.957	99.901	99.919	99.960
99.893	96.493	99.908	99.992	99.957	99.914	99.926	99.955
99.904	96.494	99.893	99.991	99.965	99.909	99.922	99.943
99.913	96.474	99.878	99.990	99.987	99.905	99.911	99.941
99.916	96.512	99.869	99.991	99.973	99.902	99.938	99.955
99.910	96.523	99.878	99.991	99.961	99.899	99.934	99.943
99.910	96.516	99.888	99.992	99.955	99.899	99.930	99.948
99.917	96.534	99.901	99.991	99.938	99.905	99.959	99.965
99.921	96.519	99.893	99.991	99.936	99.899	99.959	99.950
99.917	96.485	99.898	99.990	99.939	99.905	99.956	99.940
99.929	96.503	99.896	99.991	99.923	99.909	99.962	99.939
99.924	96.531	99.893	99.994	99.928	99.896	99.950	99.946
99.918	96.574	99.899	99.995	99.923	99.905	99.946	99.961
99.936	96.573	99.898	99.995	99.920	99.909	99.950	99.946
99.919	96.581	99.902	99.996	99.919	99.910	99.934	99.956
99.912	96.584	99.921	99.997	99.914	99.908	99.940	99.941
99.907	96.594	99.912	99.996	99.912	99.895	99.941	99.944
99.904	96.606	99.908	99.995	99.926	99.894	99.943	99.944
99.906	96.651	99.908	99.996	99.934	99.903	99.933	99.935
99.908	96.652	99.904	99.998	99.937	99.921	99.916	99.914
99.908	96.659	99.911	99.996	99.932	99.910	99.920	99.916
99.910	96.677	99.911	99.994	99.922	99.924	99.924	99.914
99.899	96.694	99.905	99.997	99.926	99.934	99.900	99.898
99.904	96.706	99.923	99.998	99.917	99.936	99.896	99.902
99.926	96.735	99.906	99.999	99.940	99.956	99.888	99.909
99.916	96.731	99.921	99.997	99.937	99.953	99.901	99.905
99.911	96.695	99.917	99.994	99.925	99.952	99.913	99.906
99.908	96.688	99.920	99.994	99.917	99.946	99.930	99.902
99.896	96.675	99.927	99.994	99.918	99.948	99.929	99.879
99.919	96.695	99.907	99.995	99.938	99.956	99.929	99.865
99.924	96.708	99.880	99.997	99.938	99.951	99.911	99.877
99.928	96.705	99.892	99.997	99.954	99.953	99.916	99.885
99.909	96.732	99.911	99.999	99.942	99.936	99.910	99.905
99.921	96.701	99.900	100.000	99.935	99.941	99.917	99.903
99.917	96.686	99.916	99.997	99.935	99.935	99.922	99.918
99.925	96.698	99.909	99.999	99.943	99.937	99.924	99.928
99.928	96.701	99.896	100.001	99.942	99.944	99.928	99.932
99.942	96.666	99.893	99.999	99.952	99.940	99.941	99.934
99.952	96.666	99.892	99.998	99.958	99.945	99.948	99.938
99.930	96.633	99.907	99.997	99.933	99.940	99.943	99.947
99.928	96.634	99.897	99.998	99.951	99.937	99.923	99.961
99.939	96.614	99.885	99.997	99.963	99.933	99.909	99.949
99.946	96.585	99.884	99.996	99.973	99.938	99.910	99.946
99.952	96.572	99.882	99.994	99.983	99.939	99.893	99.966
99.942	96.543	99.902	99.995	99.955	99.944	99.910	99.965
99.931	96.522	99.918	99.991	99.961	99.931	99.924	99.973
99.923	96.526	99.926	99.991	99.953	99.949	99.930	99.976
99.931	96.482	99.939	99.989	99.934	99.961	99.945	99.960
99.941	96.499	99.935	99.988	99.949	99.956	99.941	99.979
99.929	96.489	99.914	99.988	99.952	99.949	99.946	99.981
99.916	96.450	99.919	99.990	99.944	99.961	99.946	99.965
99.893	96.446	99.944	99.989	99.958	99.952	99.944	99.970
99.896	96.445	99.924	99.990	99.959	99.959	99.936	99.975
99.866	96.420	99.926	99.989	99.957	99.936	99.935	99.987
99.871	96.404	99.921	99.990	99.969	99.940	99.939	99.974
99.876	96.386	99.919	99.990	99.964	99.941	99.938	99.960
99.868	96.386	99.929	99.991	99.968	99.942	99.960	99.963
99.864	96.393	99.920	99.992	99.978	99.945	99.939	99.947
99.852	96.422	99.925	99.991	99.954	99.932	99.964	99.963
99.850	96.407	99.911	99.990	99.984	99.922	99.943	99.964
99.846	96.397	99.910	99.992	99.981	99.931	99.951	99.962
99.856	96.389	99.900	99.991	99.966	99.928	99.948	99.953
99.865	96.390	99.884	99.991	99.981	99.943	99.939	99.954
99.851	96.371	99.898	99.993	99.962	99.943	99.931	99.938
99.866	96.367	99.913	99.993	99.954	99.958	99.942	99.928
99.859	96.388	99.918	99.993	99.947	99.952	99.940	99.938
99.893	96.371	99.907	99.991	99.946	99.954	99.942	99.925
99.896	96.372	99.915	99.990	99.935	99.948	99.959	99.909
99.909	96.395	99.912	99.991	99.941	99.964	99.955	99.917
99.919	96.412	99.910	99.992	99.929	99.964	99.947	99.920
99.925	96.420	99.909	99.992	99.924	99.962	99.949	99.919
99.920	96.438	99.904	99.993	99.918	99.962	99.942	99.918
99.919	96.420	99.907	99.993	99.915	99.955	99.956	99.930
99.927	96.394	99.905	99.994	99.936	99.973	99.946	99.908
99.924	96.385	99.925	99.992	99.922	99.974	99.941	99.906
99.946	96.390	99.910	99.993	99.920	99.987	99.931	99.900
99.951	96.397	99.902	99.994	99.939	99.983	99.909	99.913
99.938	96.392	99.910	99.995	99.928	99.958	99.912	99.910
99.943	96.398	99.896	99.993	99.947	99.953	99.928	99.910
99.936	96.388	99.879	99.991	99.954	99.928	99.926	99.922
99.948	96.380	99.869	99.991	99.953	99.920	99.929	99.928
99.957	96.395	99.863	99.993	99.969	99.930	99.914	99.937
99.951	96.412	99.864	99.996	99.984	99.934	99.901	99.931
99.962	96.410	99.865	99.995	99.988	99.928	99.897	99.915
99.965	96.412	99.855	99.996	100.005	99.923	99.920	99.911
99.961	96.375	99.845	99.997	100.014	99.921	99.910	99.907
99.958	96.362	99.858	99.996	100.008	99.912	99.907	99.910
99.951	96.390	99.861	99.994	100.003	99.893	99.902	99.907
99.953	96.410	99.862	99.995	99.997	99.886	99.909	99.910
99.947	96.433	99.869	99.996	99.998	99.900	99.932	99.909
99.937	96.439	99.881	99.995	100.003	99.898	99.940	99.915
99.920	96.440	99.899	99.998	99.969	99.893	99.962	99.905
99.933	96.432	99.883	99.998	99.993	99.908	99.961	99.905
99.934	96.431	99.916	99.998	99.966	99.934	99.965	99.907
99.942	96.447	99.919	100.000	99.967	99.951	99.959	99.902
99.941	96.444	99.926	99.998	99.983	99.957	99.957	99.898
99.917	96.419	99.938	99.997	99.955	99.944	99.973	99.909
99.915	96.383	99.933	99.994	99.941	99.923	99.967	99.913
99.900	96.373	99.941	99.997	99.919	99.931	99.985	99.924
99.886	96.357	99.956	99.993	99.910	99.932	99.966	99.924
99.882	96.383	99.969	99.992	99.897	99.943	99.971	99.945
99.876	96.393	99.959	99.993	99.908	99.957	99.964	99.947
99.887	96.360	99.952	99.994	99.914	99.984	99.973	99.944
99.892	96.344	99.962	99.995	99.920	99.987	99.965	99.950
99.902	96.345	99.947	99.994	99.916	99.969	99.964	99.954
99.909	96.336	99.945	99.994	99.927	99.964	99.952	99.950
99.909	96.344	99.935	99.993	99.962	99.959	99.932	99.957
99.904	96.359	99.948	99.993	99.942	99.956	99.935	99.967
99.892	96.365	99.943	99.994	99.939	99.957	99.935	99.956
99.885	96.358	99.961	99.995	99.928	99.960	99.932	99.959
99.888	96.338	99.941	99.995	99.942	99.937	99.912	99.961
99.905	96.361	99.933	99.997	99.958	99.942	99.914	99.952
99.907	96.385	99.931	100.000	99.970	99.970	99.925	99.963
99.890	96.376	99.950	99.997	99.973	99.945	99.904	99.969
99.907	96.420	99.949	99.999	99.979	99.946	99.914	99.988
99.912	96.380	99.941	99.999	99.993	99.935	99.918	99.974
99.907	96.362	99.950	99.999	99.975	99.929	99.934	99.983
99.907	96.385	99.963	99.999	99.970	99.926	99.932	99.974
99.901	96.384	99.950	99.998	99.964	99.923	99.922	99.975
99.899	96.349	99.938	99.999	99.972	99.917	99.913	99.974
99.885	96.355	99.954	99.998	99.949	99.924	99.926	99.984
99.901	96.330	99.943	99.999	99.946	99.929	99.929	99.975
99.894	96.302	99.932	100.000	99.961	99.913	99.913	99.961
99.913	96.299	99.922	99.998	99.976	99.900	99.905	99.969
99.908	96.292	99.908	99.996	99.985	99.890	99.898	99.965
99.897	96.320	99.914	99.998	99.973	99.910	99.897	99.963
99.890	96.298	99.920	99.997	99.973	99.912	99.885	99.969
99.892	96.273	99.924	99.997	99.966	99.908	99.883	99.963
99.903	96.262	99.905	99.997	99.972	99.917	99.896	99.961
99.896	96.244	99.901	99.999	99.964	99.931	99.890	99.956
99.905	96.305	99.902	100.001	99.953	99.930	99.883	99.964
99.924	96.309	99.886	100.002	99.968	99.944	99.868	99.950
99.927	96.294	99.887	100.003	99.977	99.954	99.866	99.960
99.929	96.297	99.880	100.005	99.969	99.953	99.886	99.954
99.928	96.323	99.893	100.005	99.964	99.969	99.888	99.953
99.942	96.310	99.877	100.006	99.978	99.977	99.885	99.949
99.935	96.315	99.885	100.005	99.976	99.987	99.892	99.938
99.947	96.325	99.891	100.004	99.969	100.009	99.906	99.947
99.936	96.333	99.902	100.003	99.962	100.015	99.916	99.957
99.945	96.314	99.904	100.004	99.947	100.009	99.927	99.954
99.946	96.301	99.914	100.004	99.933	100.014	99.938	99.966
99.952	96.311	99.915	100.005	99.928	100.024	99.940	99.955
99.946	96.309	99.901	100.005	99.935	100.019	99.937	99.944
99.962	97.017	99.902	100.005	99.927	100.015	99.941	99.942
99.966	97.367	99.918	100.002	99.908	100.007	99.955	99.932
99.966	97.509	99.907	100.000	99.926	100.002	99.940	99.931
99.955	97.707	99.931	99.999	99.918	99.987	99.943	99.935
99.947	97.805	99.919	99.999	99.933	99.981	99.928	99.924
99.937	97.854	99.929	99.997	99.934	99.977	99.918	99.936
99.952	97.983	99.933	99.996	99.938	99.963	99.914	99.938
99.932	98.033	99.945	99.997	99.940	99.947	99.907	99.942
99.923	98.028	99.950	99.998	99.927	99.956	99.918	99.952
99.908	98.089	99.949	99.997	99.930	99.946	99.907	99.939
99.912	98.084	99.934	100.000	99.928	99.939	99.906	99.942
99.913	98.094	99.934	99.999	99.936	99.938	99.908	99.948
99.922	98.063	99.929	100.000	99.951	99.934	99.900	99.930
99.928	98.036	99.935	99.999	99.957	99.934	99.903	99.929
99.945	97.979	99.933	100.000	99.970	99.929	99.897	99.933
99.934	97.251	99.933	99.999	99.981	99.938	99.890	99.939
99.937	96.863	99.907	100.002	100.009	99.935	99.876	99.923
99.921	96.656	99.925	100.003	100.006	99.937	99.887	99.921
99.928	96.445	99.913	100.002	100.011	99.949	99.883	99.920
99.945	96.305	99.903	100.003	99.994	99.952	99.885	99.910
99.966	96.219	99.911	100.001	99.991	99.968	99.887	99.907
99.959	96.049	99.901	100.002	99.983	99.968	99.884	99.907
99.968	95.996	99.885	100.002	99.997	99.972	99.894	99.896
99.981	95.972	99.894	100.000	99.999	99.963	99.893	99.893
99.997	95.885	99.899	99.999	100.009	99.956	99.889	99.902
100.007	95.863	99.895	99.996	100.027	99.965	99.886	99.897
100.001	95.855	99.892	99.999	100.036	99.978	99.879	99.898
100.006	95.850	99.897	99.998	100.029	99.987	99.901	99.891
99.998	95.847	99.878	99.997	100.022	99.970	99.903	99.908
99.977	95.839	99.887	99.996	100.010	99.976	99.901	99.909
99.961	95.852	99.877	99.996	100.013	99.966	99.898	99.900
99.954	95.874	99.886	99.997	100.005	99.963	99.914	99.926
99.962	95.855	99.868	99.996	99.991	99.966	99.909	99.912
99.975	95.853	99.861	99.998	99.978	99.961	99.915	99.902
99.962	95.873	99.882	99.999	99.967	99.960	99.919	99.927
99.938	95.875	99.876	100.002	99.966	99.939	99.932	99.926
99.944	95.884	99.874	100.002	99.985	99.951	99.921	99.923
99.950	95.859	99.873	100.001	99.982	99.948	99.917	99.929
99.943	95.863	99.855	100.003	99.970	99.959	99.920	99.915
99.924	95.862	99.847	100.005	99.959	99.963	99.930	99.912
99.914	95.874	99.854	100.004	99.951	99.948	99.941	99.906
99.914	95.849	99.844	100.001	99.956	99.939	99.940	99.903
99.904	95.861	99.846	100.001	99.952	99.925	99.930	99.903
99.899	95.859	99.856	99.999	99.948	99.925	99.926	99.899
99.906	95.882	99.854	99.998	99.945	99.923	99.941	99.899
99.922	95.900	99.862	99.998	99.944	99.939	99.938	99.894
99.926	95.918	99.867	99.996	99.943	99.942	99.940	99.886
99.919	95.961	99.873	99.995	99.945	99.945	99.945	99.898
99.914	95.962	99.875	99.995	99.962	99.941	99.939	99.906
99.914	95.968	99.870	99.993	99.960	99.951	99.946	99.897
99.931	95.974	99.879	99.991	99.973	99.959	99.952	99.899
99.929	95.988	99.861	99.993	99.969	99.946	99.958	99.890
99.936	95.998	99.872	99.992	99.955	99.941	99.956	99.894
99.940	96.028	99.877	99.990	99.968	99.927	99.950	99.924
99.950	96.031	99.898	99.990	99.963	99.925	99.945	99.924
99.947	96.051	99.903	99.991	99.960	99.951	99.939	99.932
99.949	96.064	99.919	99.990	99.954	99.947	99.948	99.927
99.960	96.061	99.908	99.989	99.964	99.946	99.941	99.930
99.957	96.057	99.899	99.992	99.960	99.951	99.933	99.929
99.960	96.047	99.907	99.994	99.960	99.964	99.941	99.937
99.953	96.026	99.895	99.993	99.965	99.947	99.935	99.934
99.945	96.027	99.894	99.993	99.963	99.946	99.931	99.940
99.951	96.009	99.892	99.992	99.965	99.947	99.928	99.944
99.937	95.994	99.914	99.991	99.957	99.941	99.931	99.943
99.957	95.999	99.916	99.990	99.967	99.927	99.930	99.945
99.940	95.985	99.916	99.990	99.953	99.922	99.920	99.934
99.938	96.000	99.938	99.990	99.944	99.926	99.923	99.936
99.936	96.002	99.934	99.991	99.958	99.945	99.922	99.930
99.927	95.976	99.946	99.991	99.940	99.941	99.923	99.911
99.929	95.993	99.945	99.992	99.938	99.949	99.940	99.924
99.940	95.951	99.930	99.991	99.946	99.927	99.934	99.913
99.936	95.970	99.932	99.994	99.942	99.928	99.935	99.906
99.933	95.977	99.946	99.993	99.937	99.936	99.938	99.893
99.933	95.997	99.970	99.993	99.926	99.929	99.955	99.890
99.926	95.948	99.977	99.991	99.928	99.930	99.945	99.890
99.935	95.987	99.990	99.992	99.920	99.941	99.951	99.893
99.930	96.009	99.993	99.991	99.928	99.941	99.946	99.889
99.919	96.041	99.995	99.991	99.920	99.924	99.958	99.896
99.942	96.081	99.970	99.991	99.941	99.920	99.955	99.888
99.931	96.105	99.968	99.991	99.932	99.926	99.969	99.893
99.943	96.118	99.947	99.989	99.937	99.925	99.972	99.894
99.939	96.101	99.940	99.986	99.939	99.916	99.971	99.895
99.934	96.139	99.941	99.986	99.925	99.905	99.970	99.904
99.926	96.170	99.943	99.986	99.920	99.906	99.982	99.919
99.932	96.160	99.926	99.986	99.917	99.898	99.969	99.906
99.917	96.153	99.941	99.985	99.910	99.895	99.967	99.922
99.916	96.153	99.947	99.984	99.909	99.918	99.965	99.925
99.908	96.154	99.942	99.985	99.901	99.911	99.966	99.942
99.914	96.133	99.923	99.983	99.916	99.913	99.949	99.946
99.914	96.163	99.917	99.981	99.921	99.890	99.947	99.937
99.909	96.161	99.913	99.983	99.920	99.894	99.951	99.948
99.926	96.108	99.909	99.984	99.925	99.904	99.957	99.942
99.939	96.114	99.886	99.985	99.946	99.911	99.944	99.946
99.918	96.113	99.909	99.987	99.923	99.927	99.959	99.960
99.913	96.068	99.909	99.988	99.937	99.927	99.938	99.958
99.903	96.061	99.944	99.991	99.924	99.939	99.926	99.957
99.896	96.063	99.956	99.994	99.927	99.954	99.927	99.949
99.904	96.039	99.950	99.994	99.922	99.952	99.929	99.942
99.922	96.037	99.942	99.993	99.947	99.957	99.917	99.934
99.913	96.051	99.950	99.993	99.955	99.952	99.917	99.942
99.917	96.045	99.943	99.994	99.950	99.951	99.929	99.930
99.933	96.029	99.928	99.994	99.958	99.940	99.930	99.932
99.938	96.011	99.935	99.995	99.959	99.942	99.941	99.924
99.929	96.028	99.939	99.999	99.957	99.960	99.939	99.910
99.922	96.038	99.952	99.999	99.943	99.979	99.947	99.914
99.919	96.014	99.961	99.998	99.936	99.966	99.950	99.915
99.917	96.035	99.955	99.999	99.928	99.973	99.949	99.922
99.914	96.005	99.979	99.997	99.909	99.972	99.962	99.911
99.923	95.995	99.981	99.996	99.908	99.968	99.972	99.901
99.929	96.024	99.973	99.997	99.921	99.962	99.962	99.899
99.944	96.027	99.959	99.995	99.928	99.953	99.962	99.902
99.954	96.034	99.953	99.992	99.928	99.952	99.954	99.897
99.940	96.016	99.972	99.993	99.936	99.958	99.948	99.883
99.928	95.997	99.963	99.994	99.926	99.962	99.940	99.880
99.925	96.006	99.966	99.995	99.925	99.980	99.937	99.859
99.920	96.039	99.967	99.995	99.923	99.966	99.927	99.874
99.912	96.069	99.986	99.995	99.905	99.973	99.928	99.865
99.903	96.101	99.990	99.994	99.910	99.973	99.918	99.873
99.926	96.081	99.990	99.991	99.920	99.949	99.909	99.893
99.941	96.087	99.966	99.993	99.924	99.932	99.899	99.897
99.954	96.074	99.958	99.994	99.926	99.945	99.889	99.871
99.950	96.069	99.957	99.992	99.929	99.928	99.867	99.872
99.952	96.093	99.957	99.994	99.933	99.941	99.864	99.871
99.955	96.091	99.951	99.995	99.942	99.936	99.836	99.869
99.932	96.097	99.952	99.995	99.933	99.941	99.855	99.873
99.918	96.095	99.963	99.995	99.915	99.937	99.861	99.882
99.912	96.088	99.945	99.996	99.920	99.943	99.874	99.892
99.897	96.122	99.944	99.996	99.915	99.936	99.887	99.907
99.904	96.133	99.946	99.997	99.917	99.924	99.899	99.907
99.921	96.151	99.937	99.999	99.921	99.916	99.897	99.923
99.925	96.142	99.941	100.000	99.929	99.924	99.902	99.931
99.935	96.133	99.919	100.000	99.939	99.928	99.902	99.953
99.927	96.119	99.905	100.002	99.943	99.941	99.903	99.952
99.906	96.112	99.908	100.001	99.932	99.932	99.912	99.945
99.891	96.111	99.917	99.999	99.945	99.934	99.913	99.949
99.882	96.083	99.916	100.000	99.943	99.934	99.921	99.956
99.873	96.056	99.919	99.999	99.946	99.937	99.930	99.961
99.870	96.040	99.924	99.997	99.937	99.927	99.942	99.956
99.863	96.040	99.927	99.998	99.926	99.928	99.945	99.968
99.883	96.045	99.929	99.996	99.931	99.932	99.940	99.952
99.896	96.054	99.916	99.998	99.932	99.949	99.954	99.957
99.898	96.038	99.938	99.998	99.926	99.930	99.943	99.964
99.924	95.995	99.929	99.998	99.938	99.931	99.930	99.963
99.922	95.964	99.944	99.998	99.930	99.938	99.938	99.967
99.925	95.934	99.937	99.997	99.929	99.951	99.934	99.942
99.924	95.905	99.923	99.994	99.947	99.950	99.921	99.945
99.913	95.870	99.926	99.994	99.953	99.946	99.919	99.933
99.908	95.853	99.941	99.993	99.950	99.930	99.916	99.935
99.919	95.866	99.934	99.994	99.950	99.950	99.928	99.942
99.921	95.878	99.939	99.996	99.925	99.957	99.940	99.941
99.915	95.896	99.947	99.993	99.928	99.948	99.921	99.940
99.909	95.955	99.958	99.994	99.927	99.953	99.937	99.938
99.925	95.984	99.944	99.996	99.945	99.961	99.932	99.940
99.923	95.998	99.930	99.996	99.952	99.947	99.934	99.933
99.947	95.976	99.933	99.998	99.963	99.950	99.931	99.929
99.947	95.963	99.933	99.996	99.975	99.944	99.927	99.919
99.941	95.980	99.934	99.996	99.973	99.945	99.922	99.916
99.937	96.027	99.942	99.997	99.956	99.947	99.929	99.914
99.937	96.009	99.927	99.993	99.963	99.950	99.927	99.903
99.916	96.003	99.942	99.994	99.956	99.943	99.927	99.918
99.924	95.997	99.961	99.994	99.941	99.944	99.929	99.914
99.929	96.039	99.974	99.994	99.931	99.934	99.943	99.927
99.937	96.043	99.959	99.994	99.923	99.933	99.945	99.936
99.936	96.062	99.960	99.994	99.930	99.938	99.946	99.927
99.931	96.051	99.974	99.993	99.927	99.933	99.948	99.933
99.940	96.024	99.963	99.995	99.920	99.931	99.966	99.925
99.961	95.989	99.964	99.993	99.910	99.919	99.957	99.939
99.958	95.963	99.957	99.993	99.895	99.907	99.948	99.954
99.942	95.944	99.960	99.993	99.887	99.918	99.944	99.954
99.924	95.938	99.956	99.993	99.879	99.915	99.948	99.967
99.909	95.936	99.970	99.992	99.869	99.906	99.955	99.965
99.917	95.917	99.965	99.993	99.872	99.899	99.960	99.954
99.906	95.917	99.956	99.994	99.890	99.907	99.961	99.955
99.917	95.943	99.956	99.994	99.891	99.902	99.961	99.971
99.924	95.960	99.950	99.993	99.890	99.910	99.968	99.967
99.923	95.969	99.932	99.994	99.895	99.920	99.969	99.972
99.915	95.940	99.931	99.994	99.890	99.924	99.966	99.957
99.920	95.951	99.930	99.995	99.908	99.930	99.963	99.945
99.910	95.940	99.945	99.994	99.906	99.915	99.965	99.958
99.922	95.922	99.920	99.993	99.929	99.896	99.959	99.945
99.923	95.928	99.921	99.993	99.941	99.909	99.955	99.966
99.920	95.910	99.914	99.991	99.941	99.927	99.964	99.938
99.903	95.908	99.922	99.992	99.938	99.936	99.962	99.919
99.937	95.912	99.930	99.992	99.947	99.960	99.969	99.904
99.934	95.929	99.951	99.991	99.941	99.959	99.965	99.897
99.944	95.929	99.936	99.993	99.940	99.963	99.961	99.907
99.941	95.947	99.932	99.993	99.952	99.967	99.947	99.924
99.956	95.922	99.934	99.992	99.941	99.967	99.961	99.943
99.932	95.922	99.946	99.994	99.934	99.955	99.952	99.933
99.929	95.918	99.957	99.994	99.925	99.949	99.965	99.935
99.934	95.896	99.974	99.991	99.939	99.930	99.974	99.937
99.944	95.919	99.971	99.992	99.944	99.934	99.963	99.932
99.960	95.912	99.968	99.993	99.958	99.947	99.964	99.932
99.969	95.897	99.942	99.993	99.958	99.958	99.965	99.920
99.956	95.916	99.946	99.995	99.949	99.964	99.951	99.934
99.954	95.935	99.950	99.994	99.944	99.958	99.944	99.923
99.962	95.934	99.951	99.997	99.946	99.960	99.943	99.927
99.973	95.919	99.960	99.998	99.946	99.967	99.948	99.926
99.962	95.895	99.951	99.998	99.939	99.955	99.959	99.938
99.968	95.881	99.940	99.997	99.940	99.955	99.951	99.935
99.949	95.894	99.935	99.998	99.956	99.962	99.952	99.937
99.955	95.875	99.927	99.998	99.939	99.977	99.976	99.928
99.952	95.878	99.916	99.998	99.953	99.980	99.983	99.904
99.974	95.852	99.899	99.998	99.965	99.997	99.981	99.910
99.971	95.845	99.891	99.999	99.976	99.999	99.970	99.918
99.959	95.858	99.887	100.004	99.968	100.024	99.959	99.914
99.963	95.836	99.879	100.003	99.959	100.020	99.964	99.921
99.951	95.852	99.877	100.001	99.950	100.013	99.955	99.932
99.949	95.865	99.880	100.002	99.950	99.998	99.946	99.929
99.955	95.873	99.885	100.002	99.953	100.019	99.963	99.919
99.962	95.875	99.896	100.003	99.952	100.022	99.965	99.928
99.939	95.887	99.913	100.003	99.948	100.002	99.962	99.951
99.931	95.901	99.907	100.001	99.942	99.990	99.964	99.964
99.931	95.917	99.906	100.001	99.951	99.998	99.954	99.948
99.929	95.938	99.890	100.003	99.945	100.007	99.949	99.963
99.951	95.916	99.881	100.001	99.942	100.011	99.940	99.958
99.955	95.912	99.877	100.003	99.952	100.003	99.929	99.962
99.936	95.923	99.891	100.004	99.925	99.995	99.919	99.954
99.922	95.930	99.919	100.003	99.911	99.981	99.932	99.975
99.928	95.944	99.908	100.002	99.899	99.964	99.932	99.963
99.929	95.966	99.927	99.999	99.885	99.944	99.941	99.969
99.921	95.972	99.922	99.998	99.895	99.934	99.934	99.977
99.926	95.954	99.924	99.999	99.888	99.927	99.928	99.964
99.935	95.939	99.936	99.999	99.896	99.935	99.925	99.970
99.929	95.927	99.948	99.998	99.897	99.934	99.915	99.971
99.919	95.894	99.940	99.997	99.899	99.920	99.920	99.966
99.931	95.872	99.910	99.997	99.923	99.930	99.917	99.966
99.937	95.868	99.919	99.998	99.937	99.917	99.926	99.957
99.929	95.884	99.925	99.999	99.937	99.898	99.918	99.979
99.935	95.862	99.933	99.997	99.940	99.881	99.935	99.985
99.931	95.875	99.938	99.995	99.943	99.877	99.948	99.991
99.925	95.883	99.958	99.993	99.934	99.867	99.947	99.991
99.928	95.890	99.955	99.990	99.959	99.863	99.948	99.996
99.943	95.886	99.937	99.991	99.965	99.863	99.941	99.981
99.945	95.860	99.934	99.992	99.979	99.890	99.933	99.989
99.952	95.856	99.921	99.992	99.989	99.895	99.922	99.968
99.964	95.848	99.915	99.991	99.998	99.903	99.915	99.963
99.948	95.867	99.930	99.994	99.984	99.908	99.928	99.963
99.943	95.869	99.922	99.994	99.975	99.903	99.932	99.950
99.951	96.118	99.899	99.993	99.978	99.892	99.933	99.956
99.942	96.306	99.906	99.994	99.977	99.875	99.920	99.959
99.947	96.417	99.906	99.994	99.961	99.869	99.916	99.949
99.943	96.497	99.901	99.994	99.958	99.899	99.910	99.952
99.944	96.544	99.889	99.994	99.970	99.910	99.911	99.941
99.930	96.598	99.893	99.994	99.975	99.909	99.906	99.937
99.930	96.663	99.887	99.997	99.974	99.914	99.900	99.937
99.937	96.656	99.883	99.997	99.979	99.930	99.899	99.930
99.953	96.915	99.888	99.996	99.971	99.933	99.887	99.923
99.934	97.257	99.895	99.995	99.975	99.925	99.877	99.922
99.918	97.754	99.893	99.995	99.979	99.908	99.883	99.907
99.931	98.003	99.879	99.995	99.980	99.921	99.898	99.903
99.906	98.256	99.899	99.995	99.953	99.919	99.911	99.897
99.912	98.450	99.889	99.994	99.959	99.920	99.907	99.912
99.903	98.615	99.899	99.992	99.970	99.921	99.909	99.919
99.906	98.622	99.913	99.994	99.971	99.935	99.925	99.923
99.910	98.628	99.910	99.995	99.965	99.972	99.931	99.912
99.914	98.687	99.915	99.994	99.970	99.971	99.933	99.907
99.920	98.772	99.912	99.992	99.965	99.958	99.932	99.915
99.920	98.867	99.925	99.992	99.939	99.956	99.957	99.904
99.923	98.978	99.923	99.992	99.927	99.967	99.952	99.881
99.929	99.040	99.930	99.990	99.922	99.953	99.952	99.873
99.920	99.131	99.922	99.991	99.928	99.952	99.964	99.875
99.926	98.984	99.921	99.993	99.937	99.962	99.958	99.876
99.931	98.724	99.916	99.992	99.946	99.963	99.952	99.879
99.930	98.386	99.918	99.994	99.938	99.971	99.955	99.895
99.910	98.224	99.928	99.995	99.942	99.954	99.965	99.910
99.930	98.092	99.916	99.997	99.964	99.964	99.955	99.920
99.930	97.954	99.908	99.995	99.978	99.970	99.966	99.893
99.936	97.869	99.914	99.996	99.970	99.976	99.956	99.887
99.925	97.715	99.904	99.996	99.975	99.965	99.933	99.884
99.945	97.613	99.907	99.995	99.987	99.947	99.942	99.877
99.948	97.559	99.914	99.996	99.985	99.956	99.947	99.883
99.941	97.480	99.915	99.995	99.994	99.955	99.935	99.877
99.945	97.415	99.905	99.994	100.010	99.966	99.930	99.898
99.939	97.328	99.908	99.995	100.011	99.949	99.934	99.912
99.924	97.285	99.903	99.994	100.014	99.961	99.930	99.912
99.941	97.260	99.901	99.994	100.018	99.955	99.925	99.922
99.926	97.209	99.881	99.995	100.016	99.950	99.920	99.926
99.935	97.169	99.872	99.995	100.019	99.958	99.923	99.926
99.952	97.140	99.879	99.993	100.031	99.967	99.924	99.915
99.961	97.119	99.856	99.993	100.038	99.972	99.898	99.913
99.963	97.070	99.842	99.993	100.043	99.972	99.907	99.907
99.969	97.054	99.852	99.995	100.060	99.973	99.890	99.907
99.971	97.009	99.845	99.995	100.053	99.964	99.883	99.908
99.975	96.958	99.856	99.992	100.040	99.969	99.885	99.902
99.970	96.924	99.836	99.991	100.050	99.984	99.874	99.913
99.950	96.900	99.844	99.991	100.060	99.974	99.856	99.917
99.953	96.894	99.832	99.991	100.065	99.969	99.851	99.913
99.953	96.843	99.837	99.990	100.055	99.949	99.843	99.920
99.957	96.829	99.835	99.989	100.049	99.947	99.852	99.922
99.973	96.821	99.833	99.990	100.045	99.940	99.851	99.923
99.962	96.790	99.837	99.990	100.026	99.946	99.853	99.909
99.945	96.728	99.859	99.988	100.024	99.944	99.860	99.919
99.939	96.711	99.865	99.991	100.022	99.959	99.874	99.917
99.934	96.685	99.866	99.991	100.011	99.959	99.875	99.923
99.924	96.679	99.879	99.989	100.002	99.962	99.885	99.916
99.926	96.656	99.884	99.987	100.001	99.955	99.885	99.896
99.917	96.630	99.880	99.987	99.968	99.940	99.913	99.917
99.900	96.616	99.890	99.989	99.971	99.946	99.923	99.916
99.902	96.617	99.876	99.990	99.992	99.938	99.918	99.920
99.891	96.638	99.895	99.994	99.977	99.932	99.931	99.918
99.905	96.605	99.877	99.995	99.959	99.942	99.952	99.901
99.899	96.565	99.884	99.994	99.964	99.957	99.957	99.912
99.904	96.541	99.874	99.996	99.968	99.969	99.974	99.892
99.911	96.532	99.873	99.999	99.982	99.975	99.977	99.893
99.888	96.491	99.882	99.997	99.995	99.959	99.965	99.896
99.877	96.508	99.883	99.997	100.010	99.950	99.959	99.908
99.890	96.528	99.882	99.997	99.997	99.951	99.964	99.892
99.895	96.506	99.894	99.995	99.977	99.941	99.973	99.892
99.898	96.492	99.890	99.994	99.982	99.924	99.963	99.889
99.901	96.481	99.897	99.996	99.970	99.941	99.975	99.884
99.887	96.476	99.907	99.996	99.957	99.930	99.974	99.897
99.892	96.475	99.909	99.995	99.973	99.938	99.951	99.897
99.905	96.496	99.898	99.993	99.967	99.934	99.953	99.904
99.896	96.495	99.899	99.994	99.949	99.941	99.979	99.908
99.913	96.469	99.897	99.991	99.952	99.929	99.970	99.920
99.910	96.464	99.894	99.991	99.950	99.931	99.957	99.914
99.898	96.463	99.896	99.993	99.943	99.924	99.955	99.899
99.885	96.490	99.916	99.993	99.939	99.923	99.942	99.903
99.879	96.467	99.911	99.990	99.937	99.910	99.931	99.892
99.896	96.488	99.896	99.992	99.943	99.939	99.932	99.879
99.899	96.454	99.910	99.992	99.939	99.955	99.926	99.873
99.881	96.430	99.916	99.992	99.943	99.950	99.932	99.897
99.870	96.427	99.908	99.995	99.957	99.951	99.918	99.891
99.877	96.446	99.901	99.995	99.963	99.956	99.907	99.910
99.869	96.433	99.906	99.994	99.979	99.937	99.896	99.916
99.864	96.429	99.906	99.994	99.976	99.942	99.890	99.928
99.858	96.435	99.906	99.994	99.964	99.947	99.903	99.929
99.852	96.414	99.904	99.994	99.972	99.932	99.890	99.910
99.861	96.405	99.923	99.994	99.970	99.923	99.884	99.910
99.848	96.393	99.933	99.995	99.970	99.936	99.875	99.919
99.836	96.401	99.949	99.996	99.968	99.925	99.878	99.943
99.846	96.398	99.952	99.996	99.968	99.929	99.888	99.955
99.841	96.353	99.944	99.996	99.984	99.925	99.874	99.956
99.835	96.338	99.948	99.998	99.975	99.930	99.868	99.955
99.832	96.340	99.966	99.998	99.970	99.921	99.883	99.965
99.843	96.338	99.949	100.000	99.961	99.926	99.894	99.966
99.860	96.353	99.922	100.001	99.966	99.930	99.876	99.969
99.876	96.363	99.908	100.000	99.972	99.916	99.882	99.975
99.861	96.324	99.914	100.000	99.973	99.909	99.891	99.955
99.865	96.299	99.919	100.001	99.960	99.917	99.905	99.955
99.877	96.298	99.924	100.002	99.975	99.935	99.901	99.946
99.878	96.316	99.939	100.004	99.967	99.927	99.902	99.950
99.890	96.301	99.960	100.003	99.955	99.929	99.925	99.980
99.890	96.278	99.938	100.004	99.961	99.947	99.912	99.959
99.893	96.268	99.926	100.003	99.961	99.939	99.923	99.947
99.903	96.256	99.931	100.002	99.971	99.958	99.919	99.934
99.915	96.260	99.919	100.003	99.984	99.967	99.904	99.934
99.919	96.278	99.921	100.002	99.971	99.966	99.918	99.949
99.933	96.296	99.911	100.001	99.995	99.964	99.928	99.958
99.919	96.260	99.910	100.000	99.986	99.959	99.924	99.945
99.916	96.257	99.904	99.999	99.987	99.954	99.915	99.949
99.923	96.251	99.932	99.999	99.984	99.964	99.931	99.936
99.907	96.228	99.941	99.998	99.980	99.960	99.911	99.927
99.915	96.214	99.944	99.999	99.985	99.972	99.899	99.938
99.911	96.235	99.945	99.998	99.980	99.964	99.894	99.951
99.919	96.230	99.932	100.000	99.972	99.959	99.904	99.946
99.918	96.201	99.924	99.999	99.980	99.953	99.904	99.940
99.915	96.197	99.911	99.999	99.983	99.969	99.890	99.926
99.914	96.223	99.906	99.999	99.988	99.974	99.897	99.939
99.906	96.219	99.918	99.999	99.999	99.973	99.889	99.953
99.894	96.230	99.904	100.000	99.989	99.973	99.892	99.960
99.886	96.198	99.925	99.998	99.966	99.936	99.896	99.958
99.898	96.194	99.925	100.000	99.964	99.946	99.894	99.952
99.886	96.165	99.929	99.998	99.936	99.926	99.891	99.943
99.897	96.184	99.925	100.000	99.953	99.919	99.882	99.968
99.909	96.167	99.925	99.999	99.964	99.909	99.876	99.961
99.908	96.155	99.924	99.998	99.957	99.901	99.885	99.966
99.931	96.155	99.910	99.999	99.964	99.925	99.888	99.968
99.936	96.155	99.921	99.998	99.945	99.917	99.896	99.964
99.942	96.137	99.906	99.999	99.966	99.921	99.884	99.947
99.933	96.164	99.911	100.000	99.975	99.919	99.882	99.962
99.930	96.147	99.916	99.998	99.973	99.925	99.878	99.964
99.927	96.163	99.911	100.000	99.970	99.920	99.887	99.952
99.919	96.140	99.910	99.997	99.969	99.894	99.885	99.946
99.941	96.133	99.906	99.997	99.965	99.901	99.900	99.946
99.949	96.136	99.903	99.997	99.974	99.877	99.885	99.948
99.954	96.153	99.887	99.999	99.988	99.899	99.877	99.941
99.973	96.159	99.870	99.998	100.004	99.912	99.885	99.934
99.983	96.181	99.862	100.001	100.011	99.933	99.876	99.950
99.973	96.152	99.874	99.998	99.995	99.945	99.892	99.944
99.960	96.145	99.884	99.998	99.985	99.949	99.908	99.936
99.960	96.146	99.882	99.998	99.986	99.942	99.894	99.947
99.944	96.150	99.898	99.996	99.977	99.925	99.910	99.956
99.933	96.166	99.887	99.996	99.996	99.914	99.909	99.948
99.927	96.200	99.879	99.996	99.991	99.916	99.913	99.947
99.938	96.186	99.890	99.995	99.981	99.925	99.922	99.942
99.958	96.211	99.887	99.994	99.978	99.923	99.929	99.949
99.959	96.207	99.876	99.994	99.985	99.930	99.923	99.944
99.971	96.215	99.879	99.996	99.982	99.951	99.925	99.946
99.949	96.203	99.887	99.996	99.979	99.937	99.920	99.937
99.942	96.199	99.885	99.995	99.981	99.957	99.937	99.929
99.920	96.180	99.915	99.994	99.964	99.951	99.956	99.933
99.898	96.417	99.929	99.993	99.947	99.940	99.949	99.946
99.906	96.725	99.937	99.992	99.956	99.941	99.963	99.938
99.910	96.976	99.931	99.993	99.953	99.942	99.964	99.930
99.901	97.031	99.934	99.994	99.960	99.935	99.953	99.949
99.891	97.090	99.936	99.994	99.945	99.921	99.962	99.937
99.902	97.097	99.944	99.994	99.928	99.935	99.961	99.923
99.892	97.111	99.956	99.995	99.904	99.954	99.966	99.941
99.898	97.104	99.956	99.995	99.903	99.952	99.975	99.948
99.895	97.106	99.941	99.994	99.914	99.932	99.968	99.952
99.894	97.091	99.937	99.996	99.936	99.946	99.956	99.953
99.894	97.101	99.952	99.996	99.929	99.941	99.963	99.970
99.893	97.129	99.970	99.993	99.922	99.935	99.982	99.982
99.904	97.148	99.969	99.995	99.915	99.949	99.978	99.973
99.920	97.128	99.973	99.994	99.908	99.937	99.973	99.975
99.935	97.136	99.942	99.995	99.932	99.948	99.967	99.964
99.930	96.895	99.950	99.998	99.922	99.961	99.970	99.958
99.917	96.599	99.955	99.999	99.904	99.963	99.967	99.958
99.926	96.368	99.951	99.997	99.915	99.955	99.966	99.962
99.929	96.308	99.952	99.998	99.899	99.956	99.974	99.949
99.953	96.233	99.928	99.999	99.918	99.984	99.968	99.936
99.943	96.214	99.932	100.000	99.917	99.989	99.970	99.937
99.953	96.185	99.917	100.000	99.917	99.972	99.972	99.934
99.962	96.159	99.924	99.999	99.917	99.988	99.973	99.917
99.956	96.142	99.924	100.000	99.912	100.015	99.979	99.903
99.948	96.124	99.913	99.999	99.903	99.998	99.978	99.902
99.950	96.093	99.926	100.000	99.899	99.994	99.974	99.892
99.962	96.055	99.905	100.001	99.909	99.986	99.954	99.884
99.958	96.039	99.885	99.999	99.935	99.963	99.950	99.902
99.957	96.079	99.906	100.000	99.927	99.966	99.962	99.915
99.952	96.069	99.914	99.998	99.928	99.959	99.951	99.930
99.952	96.019	99.897	99.996	99.950	99.946	99.956	99.913
99.960	95.989	99.892	99.993	99.959	99.938	99.940	99.912
99.953	95.979	99.901	99.993	99.962	99.948	99.921	99.907
99.951	95.983	99.880	99.993	99.991	99.950	99.911	99.910
99.940	95.992	99.888	99.992	99.991	99.944	99.902	99.914
99.938	96.000	99.891	99.990	99.991	99.938	99.902	99.924
99.943	96.019	99.895	99.992	100.002	99.942	99.914	99.927
99.928	96.016	99.895	99.992	100.006	99.921	99.908	99.935
99.932	96.025	99.896	99.991	100.007	99.909	99.901	99.941
99.925	96.026	99.882	99.991	100.004	99.906	99.909	99.940
99.933	96.041	99.867	99.991	100.013	99.920	99.901	99.946
99.932	96.027	99.862	99.992	100.015	99.928	99.904	99.932
99.934	96.028	99.868	99.993	99.984	99.935	99.909	99.937
99.931	95.994	99.853	99.995	99.983	99.942	99.910	99.922
99.939	95.973	99.844	99.996	99.985	99.930	99.910	99.913
99.941	95.983	99.834	99.996	99.991	99.944	99.895	99.932
99.928	95.997	99.830	99.998	99.985	99.943	99.902	99.947
99.932	95.992	99.812	99.999	99.978	99.921	99.907	99.945
99.949	95.988	99.826	99.998	99.977	99.922	99.918	99.949
99.951	95.995	99.832	99.999	99.987	99.925	99.932	99.959
99.962	95.949	99.807	99.999	100.002	99.926	99.910	99.948
99.953	95.925	99.817	99.998	99.997	99.927	99.904	99.950
99.968	95.927	99.809	99.997	100.007	99.928	99.910	99.961
99.981	95.916	99.813	99.998	99.995	99.930	99.920	99.966
99.992	95.890	99.833	99.995	100.001	99.927	99.904	99.954
99.980	95.884	99.844	99.995	99.992	99.919	99.924	99.954
99.965	95.906	99.852	99.997	99.992	99.911	99.916	99.965
99.964	95.869	99.850	99.994	100.011	99.911	99.918	99.951
99.952	95.870	99.843	99.991	100.028	99.897	99.911	99.958
99.938	95.875	99.876	99.990	100.009	99.899	99.911	99.957
99.941	95.893	99.888	99.990	100.006	99.888	99.917	99.958
99.954	95.905	99.899	99.990	100.011	99.891	99.929	99.952
99.946	95.919	99.911	99.991	100.013	99.898	99.922	99.954
99.950	95.933	99.915	99.992	99.983	99.896	99.928	99.959
99.951	95.919	99.915	99.991	99.979	99.893	99.925	99.964
99.960	95.948	99.922	99.992	99.978	99.892	99.937	99.951
99.959	95.963	99.924	99.990	99.981	99.891	99.919	99.948
99.943	95.944	99.935	99.990	99.974	99.885	99.905	99.945
99.931	95.950	99.933	99.992	99.991	99.898	99.906	99.950
99.921	95.970	99.945	99.995	99.974	99.906	99.929	99.966
99.916	95.959	99.926	99.994	99.976	99.916	99.916	99.958
99.918	95.940	99.933	99.992	99.974	99.916	99.928	99.968
99.918	95.959	99.945	99.992	99.969	99.924	99.919	99.959
99.920	95.968	99.945	99.996	99.955	99.928	99.927	99.964
99.917	95.989	99.942	99.997	99.954	99.934	99.930	99.969
99.923	95.947	99.944	99.997	99.951	99.927	99.929	99.964
99.915	95.926	99.939	99.995	99.952	99.925	99.936	99.959
99.931	95.899	99.925	99.995	99.961	99.929	99.935	99.965
99.913	95.860	99.922	99.995	99.965	99.934	99.927	99.954
99.912	95.872	99.913	99.993	99.966	99.931	99.925	99.947
99.896	95.857	99.917	99.990	99.960	99.910	99.927	99.960
99.905	95.840	99.903	99.992	99.956	99.911	99.942	99.950
99.913	95.845	99.906	99.993	99.954	99.917	99.943	99.944
99.911	95.841	99.907	99.992	99.935	99.901	99.930	99.954
99.912	95.840	99.907	99.991	99.929	99.896	99.925	99.943
99.915	95.851	99.926	99.993	99.942	99.897	99.925	99.939
99.916	95.871	99.923	99.992	99.941	99.894	99.913	99.931
99.907	95.905	99.907	99.994	99.945	99.891	99.920	99.937
99.911	95.895	99.908	99.993	99.957	99.906	99.899	99.929
99.922	95.903	99.901	99.993	99.962	99.922	99.906	99.933
99.921	95.963	99.906	99.994	99.945	99.930	99.922	99.935
99.929	95.973	99.917	99.994	99.933	99.915	99.915	99.938
99.925	96.011	99.927	99.994	99.929	99.918	99.917	99.934
99.925	96.044	99.922	99.992	99.950	99.906	99.924	99.934
99.917	96.053	99.939	99.992	99.943	99.906	99.922	99.931
99.917	96.091	99.947	99.996	99.938	99.927	99.925	99.919
99.905	96.124	99.963	99.996	99.934	99.936	99.934	99.923
99.910	96.143	99.966	99.995	99.944	99.947	99.948	99.928
99.911	96.157	99.960	99.996	99.957	99.944	99.946	99.904
99.918	96.173	99.939	99.995	99.985	99.948	99.939	99.929
99.908	96.198	99.938	99.995	99.971	99.942	99.941	99.938
99.895	96.198	99.938	99.994	99.968	99.942	99.944	99.925
99.901	96.172	99.961	99.994	99.964	99.948	99.948	99.934
99.905	96.200	99.967	99.993	99.962	99.929	99.951	99.937
99.894	96.188	99.957	99.991	99.950	99.914	99.953	99.920
99.893	96.166	99.967	99.989	99.959	99.916	99.946	99.918
99.886	96.154	99.949	99.989	99.977	99.932	99.931	99.909
99.873	96.158	99.951	99.992	99.957	99.938	99.943	99.909
99.874	96.164	99.954	99.992	99.947	99.940	99.926	99.900
99.881	96.179	99.960	99.995	99.946	99.935	99.931	99.905
99.886	96.184	99.936	99.993	99.950	99.939	99.922	99.928
99.894	96.200	99.933	99.994	99.948	99.931	99.916	99.943
99.905	96.167	99.926	99.993	99.940	99.922	99.898	99.935
99.891	96.156	99.938	99.993	99.933	99.911	99.904	99.945
99.893	96.140	99.942	99.994	99.931	99.907	99.892	99.926
99.908	96.144	99.936	99.994	99.931	99.913	99.898	99.937
99.927	96.153	99.939	99.996	99.928	99.923	99.895	99.961
99.928	96.187	99.927	99.997	99.925	99.930	99.887	99.957
99.930	96.190	99.932	99.995	99.918	99.945	99.912	99.951
99.930	96.192	99.936	99.998	99.931	99.959	99.897	99.964
99.918	96.188	99.933	99.998	99.929	99.952	99.906	99.961
99.928	96.218	99.933	99.999	99.915	99.958	99.929	99.950
99.928	96.216	99.938	99.997	99.923	99.942	99.907	99.951
99.926	96.202	99.942	99.998	99.937	99.952	99.904	99.968
99.912	96.193	99.936	99.997	99.940	99.944	99.895	99.968
99.906	96.190	99.936	99.997	99.956	99.947	99.889	99.963
99.902	96.194	99.948	99.998	99.948	99.959	99.897	99.961
99.889	96.226	99.957	100.000	99.941	99.961	99.922	99.961
99.916	96.241	99.942	100.000	99.963	99.983	99.917	99.958
99.906	96.255	99.957	100.002	99.950	99.982	99.924	99.951
99.887	96.229	99.968	100.000	99.942	99.981	99.926	99.949
99.876	96.222	99.973	100.000	99.936	99.972	99.931	99.936
99.883	96.196	99.960	99.998	99.952	99.961	99.938	99.939
99.897	96.169	99.929	99.998	99.977	99.953	99.934	99.938
99.908	96.146	99.925	99.996	99.976	99.938	99.939	99.933
99.925	96.135	99.921	99.997	99.979	99.938	99.929	99.934
99.916	96.123	99.922	99.998	99.996	99.933	99.914	99.952
99.922	96.099	99.925	99.997	99.992	99.952	99.914	99.957
99.921	96.089	99.923	99.997	99.983	99.941	99.922	99.943
99.927	96.120	99.903	99.997	99.995	99.946	99.927	99.946
99.933	96.078	99.914	99.995	99.991	99.940	99.928	99.951
99.926	96.026	99.907	99.995	99.993	99.936	99.924	99.941
99.928	96.009	99.898	99.994	99.992	99.929	99.920	99.937
99.917	96.018	99.914	99.994	99.971	99.931	99.929	99.945
99.933	96.001	99.900	99.995	99.962	99.937	99.938	99.944
99.937	96.005	99.900	99.995	99.962	99.924	99.931	99.950
99.953	96.016	99.889	99.993	99.968	99.931	99.923	99.952
99.935	95.990	99.902	99.992	99.950	99.929	99.923	99.932
99.926	96.005	99.913	99.994	99.942	99.934	99.902	99.944
99.923	96.018	99.915	99.995	99.951	99.949	99.897	99.941
99.907	96.024	99.906	99.993	99.948	99.946	99.893	99.935
99.900	96.022	99.917	99.992	99.942	99.946	99.906	99.930
99.901	96.011	99.919	99.993	99.943	99.937	99.923	99.935
99.916	96.011	99.917	99.993	99.951	99.940	99.926	99.944
99.909	95.940	99.932	99.991	99.960	99.939	99.910	99.950
99.909	95.931	99.932	99.993	99.951	99.934	99.917	99.933
99.904	95.975	99.932	99.993	99.943	99.937	99.917	99.931
99.892	95.961	99.943	99.994	99.943	99.935	99.919	99.951
99.887	95.935	99.946	99.994	99.936	99.928	99.920	99.960
99.878	95.913	99.932	99.994	99.946	99.932	99.917	99.953
99.876	95.894	99.937	99.994	99.947	99.941	99.932	99.939
99.865	95.862	99.940	99.994	99.947	99.939	99.932	99.932
99.874	95.871	99.941	99.995	99.958	99.941	99.931	99.932
99.883	95.878	99.923	99.997	99.951	99.942	99.945	99.932
99.889	95.857	99.911	99.997	99.952	99.927	99.941	99.936
99.898	95.824	99.916	99.998	99.957	99.919	99.936	99.940
99.899	95.783	99.909	99.997	99.940	99.901	99.946	99.947
99.895	95.778	99.904	99.996	99.941	99.900	99.943	99.945
99.894	95.757	99.904	99.997	99.925	99.907	99.944	99.942
99.896	95.766	99.894	99.997	99.927	99.916	99.963	99.926
99.901	95.768	99.891	99.997	99.933	99.914	99.968	99.915
99.901	95.737	99.890	99.996	99.931	99.909	99.975	99.919
99.901	95.732	99.881	99.994	99.922	99.907	99.981	99.910
99.903	95.701	99.868	99.992	99.938	99.907	99.971	99.894
99.908	95.692	99.869	99.990	99.941	99.909	99.960	99.904
99.921	95.709	99.853	99.990	99.958	99.911	99.943	99.925
99.915	95.683	99.853	99.990	99.952	99.901	99.943	99.937
99.923	95.697	99.846	99.989	99.955	99.897	99.944	99.942
99.914	95.670	99.876	99.988	99.961	99.905	99.946	99.945
99.908	95.662	99.879	99.988	99.943	99.914	99.956	99.940
99.903	95.684	99.885	99.991	99.940	99.931	99.949	99.949
99.908	95.702	99.886	99.990	99.948	99.933	99.928	99.949
99.894	95.717	99.884	99.990	99.961	99.942	99.927	99.939
99.890	95.731	99.885	99.988	99.974	99.942	99.918	99.950
99.890	95.748	99.905	99.989	99.961	99.955	99.919	99.950
99.879	95.748	99.914	99.990	99.965	99.958	99.884	99.958
99.887	95.735	99.913	99.988	99.981	99.960	99.873	99.962
99.894	95.743	99.910	99.988	100.005	99.956	99.834	99.967
99.880	95.751	99.928	99.991	100.002	99.953	99.841	99.986
99.897	95.769	99.949	99.992	99.999	99.952	99.851	99.993
99.876	95.780	99.954	99.991	100.001	99.945	99.862	99.978
99.887	95.821	99.958	99.992	100.003	99.956	99.863	99.983
99.878	95.800	99.968	99.992	99.989	99.950	99.855	99.987
99.879	95.778	99.950	99.992	99.988	99.944	99.861	99.986
99.876	95.754	99.957	99.991	100.001	99.935	99.865	99.987
99.890	95.748	99.947	99.989	100.007	99.927	99.863	99.978
99.886	95.710	99.963	99.988	100.002	99.915	99.868	99.976
99.894	95.707	99.959	99.989	99.990	99.906	99.879	99.981
99.900	95.713	99.945	99.991	99.976	99.902	99.893	99.975
99.889	95.726	99.933	99.992	99.969	99.900	99.899	99.995
99.903	95.732	99.937	99.991	99.953	99.909	99.922	99.997
99.910	95.759	99.940	99.992	99.953	99.910	99.933	99.985
99.902	95.764	99.951	99.993	99.946	99.926	99.953	99.975
99.903	95.788	99.929	99.992	99.951	99.924	99.953	99.945
99.874	95.778	99.934	99.990	99.954	99.923	99.952	99.955
99.886	95.757	99.934	99.992	99.942	99.928	99.942	99.944
99.886	95.744	99.930	99.993	99.952	99.936	99.932	99.924
99.888	95.738	99.938	99.994	99.942	99.955	99.947	99.907
99.860	95.758	99.963	99.993	99.926	99.933	99.943	99.910
99.857	95.801	99.977	99.993	99.915	99.936	99.955	99.905
99.831	95.833	99.975	99.992	99.918	99.943	99.962	99.918
99.840	95.884	99.954	99.994	99.931	99.960	99.968	99.915
99.855	95.897	99.961	99.993	99.944	99.962	99.970	99.905
99.846	95.866	99.971	99.993	99.952	99.958	99.949	99.894
99.857	95.849	99.975	99.991	99.956	99.935	99.945	99.888
99.843	95.850	99.981	99.992	99.961	99.926	99.937	99.886
99.849	95.831	99.967	99.992	99.962	99.920	99.935	99.888
99.866	95.834	99.963	99.991	99.962	99.914	99.935	99.885
99.875	95.838	99.969	99.992	99.951	99.924	99.943	99.909
99.878	95.837	99.952	99.992	99.951	99.918	99.933	99.900
99.888	95.851	99.953	99.991	99.952	99.919	99.931	99.913
99.880	95.846	99.958	99.991	99.955	99.910	99.945	99.915
99.864	95.852	99.958	99.991	99.972	99.896	99.932	99.929
99.892	95.876	99.948	99.991	99.974	99.909	99.940	99.927
99.898	95.892	99.935	99.992	99.981	99.922	99.937	99.933
99.923	95.878	99.936	99.994	99.976	99.916	99.940	99.925
99.909	95.874	99.952	99.995	99.960	99.932	99.940	99.941
99.898	95.861	99.953	99.994	99.948	99.935	99.932	99.941
99.895	95.865	99.962	99.992	99.952	99.918	99.931	99.945
99.897	95.862	99.965	99.994	99.949	99.921	99.928	99.933
99.905	95.818	99.940	99.995	99.957	99.924	99.935	99.928
99.886	95.886	99.939	99.995	99.951	99.919	99.937	99.943
99.883	95.940	99.931	99.995	99.945	99.913	99.929	99.947
99.873	95.978	99.937	99.996	99.954	99.915	99.909	99.926
99.876	95.995	99.960	99.996	99.956	99.923	99.923	99.922
99.882	96.034	99.965	99.996	99.976	99.932	99.929	99.925
99.877	96.049	99.956	99.996	99.979	99.925	99.922	99.917
99.898	96.104	99.943	99.996	99.971	99.939	99.914	99.919
99.890	96.131	99.939	99.997	99.980	99.959	99.912	99.928
99.883	96.131	99.941	99.997	99.975	99.951	99.891	99.922
99.875	96.177	99.945	99.998	99.966	99.955	99.899	99.911
99.867	96.206	99.956	99.996	99.955	99.953	99.913	99.910
99.860	96.246	99.967	99.998	99.954	99.958	99.909	99.913
99.885	96.294	99.950	100.000	99.951	99.993	99.919	99.912
99.897	96.311	99.935	99.996	99.957	99.991	99.913	99.920
99.887	96.379	99.956	99.995	99.948	99.986	99.921	99.927
99.896	96.331	99.965	99.995	99.947	99.989	99.912	99.928
99.888	96.287	99.966	99.994	99.957	99.975	99.911	99.929
99.903	96.292	99.951	99.993	99.961	99.967	99.929	99.948
99.915	96.309	99.929	99.994	99.960	99.965	99.933	99.964
99.915	96.316	99.919	99.996	99.939	99.963	99.939	99.961
99.908	96.301	99.926	99.994	99.920	99.957	99.946	99.968
99.894	96.295	99.946	99.994	99.912	99.944	99.971	99.969
99.902	96.271	99.932	99.995	99.924	99.933	99.952	99.966
99.873	96.291	99.946	99.995	99.927	99.931	99.961	99.976
99.880	96.260	99.943	99.994	99.940	99.940	99.966	99.986
99.873	96.271	99.940	99.993	99.938	99.928	99.956	99.978
99.889	96.270	99.917	99.993	99.950	99.916	99.951	99.986
99.877	96.262	99.927	99.994	99.941	99.921	99.949	99.978
99.865	96.280	99.947	99.996	99.933	99.932	99.961	99.981
99.875	96.284	99.945	99.996	99.921	99.934	99.957	99.967
99.894	96.273	99.940	99.995	99.939	99.938	99.954	99.961
99.901	96.276	99.940	99.996	99.933	99.959	99.949	99.967
99.890	96.254	99.956	99.995	99.910	99.962	99.958	99.951
99.875	96.235	99.964	99.996	99.896	99.949	99.954	99.932
99.863	96.199	99.977	99.993	99.901	99.945	99.956	99.920
99.871	96.249	99.962	99.994	99.910	99.966	99.959	99.907
99.893	96.182	99.939	99.995	99.931	99.961	99.935	99.905
99.895	96.156	99.948	99.995	99.921	99.954	99.943	99.906
99.923	96.087	99.933	99.994	99.931	99.965	99.934	99.886
99.929	96.060	99.938	99.994	99.911	99.962	99.928	99.891
99.950	95.998	99.917	99.995	99.928	99.964	99.929	99.881
99.949	95.977	99.932	99.994	99.928	99.961	99.930	99.883
99.948	95.960	99.939	99.994	99.928	99.949	99.939	99.895
99.933	95.900	99.927	99.996	99.935	99.938	99.916	99.896
99.936	95.858	99.932	99.994	99.942	99.938	99.913	99.903
99.912	95.836	99.929	99.995	99.937	99.940	99.916	99.902
99.903	95.814	99.936	99.995	99.934	99.933	99.926	99.899
99.917	95.787	99.924	99.996	99.952	99.932	99.911	99.900
99.913	95.758	99.919	99.995	99.952	99.935	99.912	99.908
99.910	95.711	99.907	99.996	99.947	99.913	99.913	99.893
99.905	95.643	99.930	99.995	99.941	99.899	99.913	99.904
99.905	95.679	99.934	99.996	99.923	99.918	99.937	99.902
99.891	95.651	99.929	99.997	99.930	99.929	99.927	99.884
99.893	95.665	99.926	99.997	99.927	99.923	99.935	99.891
99.887	95.659	99.920	99.996	99.947	99.902	99.931	99.891
99.866	95.675	99.937	99.996	99.931	99.899	99.933	99.906
99.882	95.674	99.923	100.000	99.933	99.924	99.937	99.912
99.865	95.632	99.921	99.998	99.930	99.910	99.936	99.919
99.872	95.635	99.915	100.000	99.930	99.919	99.945	99.918
99.876	95.649	99.903	100.002	99.927	99.920	99.938	99.926
99.877	95.634	99.911	100.000	99.913	99.910	99.944	99.928
99.884	95.615	99.902	100.001	99.917	99.911	99.950	99.923
99.879	95.619	99.910	100.000	99.919	99.923	99.955	99.928
99.897	95.627	99.902	100.002	99.922	99.940	99.948	99.924
99.917	95.659	99.902	100.003	99.933	99.969	99.945	99.934
99.919	95.659	99.894	100.004	99.934	99.975	99.941	99.945
99.916	95.622	99.894	100.001	99.945	99.961	99.931	99.934
99.917	95.632	99.907	99.998	99.937	99.940	99.937	99.949
99.905	95.633	99.917	99.998	99.929	99.928	99.939	99.963
99.898	95.620	99.923	99.998	99.927	99.943	99.932	99.953
99.910	95.619	99.919	99.997	99.933	99.935	99.931	99.942
99.894	95.602	99.930	99.994	99.926	99.918	99.939	99.930
99.893	95.627	99.941	99.995	99.920	99.932	99.951	99.922
99.906	95.627	99.942	99.994	99.941	99.919	99.948	99.930
99.902	95.613	99.952	99.994	99.938	99.922	99.954	99.915
99.913	95.617	99.952	99.995	99.943	99.923	99.952	99.908
99.912	95.605	99.954	99.994	99.944	99.918	99.942	99.907
99.921	95.603	99.930	99.994	99.945	99.916	99.934	99.899
99.907	95.567	99.950	99.995	99.951	99.905	99.938	99.898
99.902	95.523	99.951	99.993	99.945	99.901	99.930	99.896
99.899	95.500	99.963	99.993	99.952	99.907	99.921	99.902
99.897	95.484	99.969	99.993	99.954	99.901	99.907	99.924
99.907	95.464	99.963	99.994	99.954	99.912	99.919	99.923
99.929	95.460	99.964	99.994	99.957	99.911	99.910	99.916
99.928	95.425	99.952	99.996	99.962	99.900	99.901	99.913
99.919	95.385	99.950	99.997	99.959	99.903	99.897	99.916
99.932	95.359	99.937	99.995	99.957	99.912	99.899	99.914
99.931	95.342	99.926	99.995	99.967	99.912	99.882	99.905
99.930	95.315	99.931	99.994	99.948	99.920	99.887	99.897
99.939	95.331	99.923	99.998	99.954	99.933	99.890	99.906
99.934	95.306	99.933	99.998	99.956	99.927	99.912	99.902
99.943	95.304	99.940	99.998	99.952	99.930	99.918	99.896
99.940	95.257	99.945	99.997	99.963	99.934	99.922	99.898
99.940	95.236	99.935	99.994	99.950	99.925	99.936	99.904
99.945	95.227	99.935	99.995	99.949	99.928	99.928	99.912
99.946	95.224	99.928	99.995	99.961	99.917	99.935	99.895
99.941	95.231	99.922	99.994	99.947	99.909	99.946	99.892
99.946	95.225	99.919	99.993	99.943	99.914	99.933	99.903
99.925	95.227	99.907	99.994	99.941	99.936	99.948	99.896
99.927	95.236	99.906	99.994	99.935	99.935	99.945	99.901
99.947	95.248	99.892	99.992	99.944	99.942	99.936	99.910
99.934	95.245	99.898	99.994	99.950	99.943	99.928	99.894
99.944	95.243	99.908	99.994	99.952	99.949	99.933	99.905
99.931	95.266	99.908	99.993	99.949	99.955	99.937	99.900
99.916	95.242	99.917	99.991	99.950	99.950	99.930	99.889
99.909	95.247	99.917	99.991	99.951	99.968	99.919	99.900
99.892	95.232	99.910	99.992	99.942	99.957	99.908	99.910
99.883	95.247	99.924	99.993	99.937	99.945	99.907	99.908
99.891	95.267	99.927	99.994	99.944	99.956	99.902	99.910
99.887	95.295	99.917	99.995	99.947	99.952	99.918	99.906
99.891	95.319	99.916	99.996	99.939	99.953	99.914	99.920
99.906	95.329	99.910	99.996	99.955	99.975	99.922	99.910
99.896	95.350	99.909	99.998	99.962	99.957	99.914	99.890
99.908	95.340	99.907	99.997	99.970	99.936	99.906	99.901
99.915	95.350	99.904	99.994	99.986	99.948	99.925	99.907
99.906	95.347	99.916	99.998	99.971	99.937	99.931	99.910
99.910	95.347	99.909	99.996	99.970	99.928	99.927	99.925
99.922	95.335	99.889	99.995	99.974	99.909	99.913	99.919
99.932	95.329	99.880	99.996	99.978	99.898	99.917	99.913
99.941	95.312	99.870	99.996	99.979	99.898	99.906	99.914
99.954	95.340	99.863	99.997	99.975	99.897	99.908	99.923
99.960	95.344	99.863	99.995	99.976	99.910	99.917	99.909
99.969	95.342	99.865	99.994	99.972	99.910	99.921	99.915
99.962	95.333	99.864	99.994	99.976	99.903	99.915	99.912
99.948	95.310	99.879	99.994	99.954	99.907	99.916	99.907
99.952	95.311	99.880	99.994	99.961	99.909	99.924	99.920
99.946	95.301	99.884	99.994	99.956	99.891	99.923	99.938
99.934	95.296	99.917	99.993	99.952	99.901	99.933	99.955
99.936	95.302	99.923	99.994	99.952	99.913	99.949	99.947
99.939	95.313	99.920	99.993	99.952	99.903	99.928	99.948
99.941	95.281	99.917	99.991	99.970	99.906	99.936	99.938
99.949	95.265	99.923	99.993	99.978	99.917	99.930	99.941
99.936	95.268	99.932	99.993	99.974	99.929	99.943	99.954
99.939	95.290	99.947	99.991	99.976	99.928	99.938	99.960
99.939	95.316	99.946	99.993	99.973	99.928	99.947	99.958
99.935	95.290	99.934	99.994	99.980	99.915	99.939	99.951
99.933	95.230	99.931	99.994	99.992	99.911	99.916	99.959
99.930	95.216	99.937	99.994	99.988	99.906	99.915	99.975
99.927	95.202	99.933	99.994	99.993	99.907	99.909	99.965
99.936	95.201	99.931	99.995	100.023	99.909	99.896	99.980
99.924	95.170	99.931	99.995	100.023	99.925	99.893	99.948
99.920	95.145	99.923	99.996	100.019	99.934	99.904	99.942
99.927	95.114	99.902	99.996	100.018	99.929	99.903	99.926
99.927	95.093	99.908	99.995	100.008	99.925	99.894	99.915
99.928	95.085	99.915	99.995	100.004	99.921	99.903	99.923
99.928	95.094	99.914	99.994	100.004	99.925	99.888	99.924
99.914	95.085	99.919	99.994	100.002	99.916	99.890	99.932
99.906	95.078	99.929	99.994	100.011	99.913	99.881	99.926
99.911	95.056	99.920	99.996	100.011	99.911	99.884	99.928
99.907	95.035	99.916	99.998	100.022	99.914	99.894	99.932
99.911	95.029	99.911	99.997	100.022	99.915	99.894	99.929
99.923	95.064	99.901	99.998	100.022	99.919	99.908	99.933
99.925	95.069	99.892	99.997	100.029	99.929	99.902	99.921
99.922	95.094	99.892	99.996	100.019	99.928	99.910	99.933
99.924	95.102	99.888	99.995	100.012	99.926	99.908	99.936
99.926	95.103	99.882	99.993	100.005	99.919	99.921	99.950
99.943	95.131	99.886	99.991	100.005	99.922	99.901	99.956
99.945	95.157	99.889	99.992	100.005	99.936	99.889	99.977
99.952	95.128	99.889	99.992	100.002	99.930	99.900	99.979
99.963	95.118	99.881	99.991	100.001	99.941	99.886	99.956
99.968	95.123	99.887	99.989	100.000	99.938	99.889	99.958
99.965	95.146	99.877	99.988	100.000	99.942	99.905	99.957
99.963	95.136	99.885	99.986	99.966	99.940	99.930	99.957
99.967	95.130	99.887	99.985	99.950	99.960	99.940	99.945
99.967	95.117	99.885	99.983	99.948	99.957	99.927	99.934
99.952	95.120	99.910	99.982	99.943	99.961	99.941	99.932
99.948	95.140	99.915	99.981	99.924	99.978	99.948	99.930
99.941	95.132	99.920	99.981	99.928	99.977	99.951	99.921
99.940	95.116	99.920	99.981	99.932	99.980	99.947	99.928
99.928	95.088	99.928	99.981	99.917	99.967	99.951	99.926
99.923	95.098	99.944	99.982	99.906	99.973	99.938	99.928
99.909	95.107	99.947	99.988	99.917	99.973	99.939	99.934
99.903	95.096	99.948	99.989	99.917	99.967	99.929	99.910
99.889	95.124	99.942	99.991	99.928	99.970	99.909	99.924
99.879	95.120	99.955	99.995	99.920	99.984	99.947	99.931
99.872	95.090	99.942	99.997	99.913	99.970	99.960	99.925
99.879	95.105	99.943	99.997	99.917	99.968	99.939	99.923
99.884	95.085	99.925	99.998	99.942	99.965	99.913	99.914
99.886	95.074	99.909	99.999	99.968	99.963	99.893	99.916
99.890	95.057	99.925	99.999	99.955	99.958	99.900	99.914
99.887	95.054	99.937	99.999	99.948	99.947	99.897	99.920
99.888	95.064	99.932	99.999	99.959	99.931	99.905	99.922
99.884	95.060	99.939	100.000	99.957	99.926	99.907	99.930
99.898	95.055	99.932	100.000	99.964	99.928	99.907	99.933
99.894	95.020	99.938	100.000	99.960	99.927	99.915	99.929
99.904	94.997	99.926	99.999	99.970	99.925	99.913	99.914
99.920	95.308	99.920	99.996	99.965	99.924	99.939	99.904
99.928	95.372	99.899	99.995	99.963	99.925	99.952	99.912
99.921	95.433	99.896	99.994	99.961	99.933	99.977	99.904
99.910	95.455	99.912	99.993	99.969	99.913	99.960	99.906
99.908	95.475	99.912	99.993	99.970	99.915	99.951	99.911
99.911	95.474	99.901	99.995	99.986	99.922	99.956	99.895
99.918	95.518	99.904	99.996	99.995	99.936	99.981	99.915
99.900	95.574	99.918	99.998	99.975	99.933	99.989	99.917
99.899	95.622	99.904	99.997	99.983	99.936	99.991	99.930
99.911	95.664	99.888	99.999	99.996	99.953	99.977	99.926
99.934	95.669	99.880	99.999	99.989	99.959	99.970	99.916
99.932	95.690	99.874	99.996	99.983	99.945	99.961	99.911
99.934	95.717	99.891	99.994	99.969	99.943	99.960	99.901
99.922	95.800	99.888	99.996	99.969	99.940	99.945	99.906
99.923	95.815	99.888	99.997	99.962	99.925	99.948	99.911
99.909	95.530	99.890	99.996	99.951	99.920	99.941	99.915
99.890	95.499	99.918	99.996	99.938	99.907	99.940	99.923
99.904	95.473	99.925	99.993	99.938	99.912	99.917	99.930
99.910	95.463	99.916	99.993	99.927	99.931	99.926	99.926
99.894	95.487	99.920	99.994	99.917	99.941	99.922	99.926
99.875	95.505	99.944	99.992	99.888	99.943	99.931	99.954
99.869	95.511	99.950	99.991	99.875	99.930	99.920	99.948
99.865	95.497	99.958	99.989	99.884	99.932	99.920	99.943
99.875	95.511	99.962	99.991	99.892	99.930	99.906	99.940
99.874	95.500	99.976	99.989	99.882	99.930	99.910	99.954
99.852	95.524	99.998	99.988	99.894	99.926	99.908	99.969
99.865	95.504	99.990	99.991	99.899	99.944	99.902	99.978
99.875	95.498	99.977	99.992	99.907	99.942	99.902	99.978
99.883	95.485	99.970	99.990	99.905	99.927	99.902	99.983
99.903	95.501	99.952	99.989	99.921	99.941	99.893	99.979
99.902	95.512	99.949	99.992	99.926	99.952	99.884	99.963
99.914	95.501	99.935	99.990	99.944	99.960	99.880	99.958
99.904	95.487	99.938	99.992	99.945	99.949	99.893	99.965
99.902	95.502	99.939	99.992	99.942	99.946	99.889	99.958
99.913	95.511	99.937	99.991	99.947	99.939	99.886	99.967
99.934	95.492	99.935	99.992	99.959	99.937	99.888	99.949
99.938	95.490	99.916	99.994	99.964	99.955	99.888	99.944
99.959	95.499	99.910	99.996	99.965	99.951	99.888	99.951
99.954	95.484	99.924	99.994	99.956	99.952	99.903	99.966
99.955	95.443	99.908	99.993	99.971	99.942	99.893	99.962
99.947	95.447	99.902	99.994	99.970	99.939	99.896	99.960
99.929	95.493	99.908	99.995	99.966	99.937	99.909	99.969
99.918	95.504	99.909	99.994	99.966	99.939	99.907	99.973
99.931	95.497	99.914	99.995	99.977	99.957	99.904	99.960
99.924	95.484	99.911	99.994	99.969	99.975	99.912	99.958
99.924	95.482	99.916	99.995	99.969	99.968	99.918	99.960
99.914	95.477	99.930	99.995	99.956	99.962	99.935	99.965
99.914	95.485	99.923	99.995	99.961	99.971	99.922	99.971
99.912	95.473	99.914	99.997	99.967	99.954	99.907	99.968
99.925	95.475	99.921	99.997	99.962	99.973	99.916	99.967
99.916	95.487	99.921	99.996	99.959	99.971	99.923	99.970
99.912	95.480	99.932	99.996	99.972	99.951	99.911	99.979
99.900	95.457	99.927	99.995	99.966	99.944	99.920	99.972
99.888	95.451	99.932	99.993	99.957	99.940	99.929	99.961
99.882	95.501	99.933	99.994	99.940	99.946	99.953	99.951
99.889	95.475	99.939	99.995	99.930	99.950	99.944	99.948
99.897	95.458	99.943	99.994	99.938	99.949	99.931	99.948
99.889	95.431	99.960	99.995	99.934	99.944	99.939	99.941
99.872	95.420	99.972	99.993	99.919	99.932	99.954	99.947
99.860	95.427	99.991	99.995	99.918	99.915	99.956	99.956
99.868	95.401	99.963	99.994	99.925	99.902	99.958	99.957
99.868	95.410	99.954	99.995	99.925	99.902	99.945	99.939
99.867	95.389	99.949	99.994	99.930	99.896	99.951	99.922
99.878	95.396	99.946	99.993	99.942	99.921	99.952	99.924
99.862	95.396	99.960	99.995	99.931	99.910	99.963	99.923
99.869	95.418	99.948	99.995	99.927	99.921	99.950	99.913
99.866	95.399	99.948	99.993	99.910	99.909	99.968	99.909
99.869	95.401	99.950	99.993	99.909	99.915	99.965	99.903
99.892	95.408	99.915	99.995	99.929	99.931	99.943	99.904
99.900	95.366	99.912	99.996	99.944	99.922	99.929	99.918
99.897	95.391	99.908	99.997	99.949	99.924	99.934	99.908
99.903	95.367	99.915	99.996	99.945	99.925	99.936	99.899
99.922	95.382	99.887	99.997	99.956	99.945	99.944	99.887
99.933	95.409	99.873	99.999	99.971	99.947	99.930	99.885
99.945	95.396	99.880	99.999	99.966	99.955	99.936	99.885
99.942	95.400	99.880	100.001	99.961	99.964	99.934	99.879
99.952	95.387	99.874	100.001	99.967	99.958	99.930	99.888
99.956	95.375	99.881	100.000	99.974	99.969	99.922	99.884
99.967	95.374	99.876	99.999	99.958	99.946	99.937	99.891
99.970	95.332	99.859	99.996	99.972	99.932	99.928	99.894
99.972	95.297	99.863	99.995	99.979	99.921	99.929	99.907
99.981	95.316	99.866	99.996	99.980	99.925	99.934	99.911
99.970	95.306	99.866	99.995	99.981	99.922	99.926	99.920
99.956	95.284	99.900	99.994	99.978	99.915	99.933	99.922
99.945	95.304	99.893	99.995	99.974	99.927	99.928	99.905
99.940	95.279	99.900	99.993	99.965	99.914	99.927	99.926
99.945	95.312	99.889	99.993	99.954	99.920	99.942	99.938
99.929	95.324	99.907	99.994	99.950	99.909	99.942	99.943
99.934	95.309	99.903	99.994	99.943	99.915	99.960	99.944
99.936	95.313	99.898	99.992	99.950	99.908	99.956	99.938
99.936	95.323	99.905	99.992	99.960	99.911	99.952	99.937
99.943	95.320	99.913	99.992	99.961	99.926	99.956	99.936
99.948	95.331	99.908	99.992	99.949	99.926	99.965	99.934
99.935	95.347	99.913	99.995	99.948	99.944	99.964	99.930
99.939	95.387	99.931	99.994	99.945	99.955	99.961	99.933
99.955	95.385	99.921	99.994	99.944	99.967	99.946	99.928
99.961	95.371	99.911	99.996	99.954	99.982	99.931	99.923
99.969	95.394	99.914	99.997	99.939	99.994	99.946	99.924
99.959	95.384	99.900	99.998	99.941	99.985	99.953	99.924
99.961	95.378	99.891	99.997	99.940	99.982	99.949	99.931
99.971	95.367	99.886	99.997	99.971	99.972	99.934	99.912
99.975	95.358	99.876	99.998	99.983	99.960	99.924	99.910
99.983	95.345	99.867	99.998	99.974	99.966	99.918	99.924
99.972	95.323	99.879	99.995	99.974	99.968	99.902	99.936
99.962	95.310	99.878	99.996	99.962	99.976	99.901	99.939
99.962	95.333	99.881	99.996	99.966	99.978	99.897	99.950
99.956	95.298	99.882	99.996	99.960	99.978	99.907	99.957
99.951	95.251	99.893	99.996	99.955	99.965	99.912	99.980
99.963	95.200	99.895	99.993	99.963	99.950	99.908	99.971
99.964	95.106	99.885	99.995	99.972	99.954	99.913	99.970
99.952	95.043	99.888	99.994	99.973	99.956	99.920	99.953
99.934	94.998	99.904	99.994	99.956	99.948	99.930	99.948
99.936	94.944	99.915	99.992	99.956	99.932	99.934	99.960
99.950	94.892	99.915	99.994	99.940	99.939	99.942	99.963
99.964	94.824	99.942	99.995	99.942	99.940	99.953	99.941
99.948	94.775	99.937	99.994	99.920	99.966	99.961	99.939
99.937	94.694	99.943	99.994	99.904	99.968	99.962	99.923
99.938	94.625	99.953	99.992	99.919	99.959	99.960	99.910
99.952	94.584	99.928	99.993	99.921	99.961	99.970	99.901
99.947	94.534	99.931	99.993	99.923	99.966	99.970	99.905
99.937	94.461	99.942	99.990	99.924	99.956	99.971	99.909
99.943	94.439	99.945	99.990	99.924	99.968	99.963	99.886
99.949	94.439	99.941	99.992	99.924	99.968	99.957	99.859
99.944	94.422	99.943	99.992	99.923	99.971	99.957	99.857
99.937	94.433	99.929	99.993	99.929	99.960	99.936	99.857
99.941	94.432	99.932	99.993	99.933	99.950	99.941	99.867
99.950	94.420	99.934	99.993	99.940	99.957	99.943	99.876
99.952	94.407	99.913	99.996	99.949	99.982	99.942	99.867
99.949	94.396	99.916	99.994	99.968	99.982	99.918	99.852
99.956	94.409	99.887	99.995	99.965	99.989	99.922	99.871
99.965	94.410	99.901	99.996	99.962	99.981	99.927	99.876
99.968	94.398	99.895	99.995	99.981	99.980	99.921	99.875
99.945	94.390	99.901	99.995	99.972	99.982	99.934	99.888
99.939	94.406	99.900	99.997	99.988	99.985	99.923	99.876
99.943	94.414	99.895	99.998	99.981	99.980	99.931	99.879
99.947	94.409	99.893	100.003	99.978	99.997	99.931	99.877
99.946	94.427	99.892	100.003	99.966	99.982	99.930	99.897
99.943	94.427	99.886	100.002	99.973	100.000	99.930	99.909
99.922	94.413	99.896	100.003	99.961	99.996	99.935	99.929
99.926	94.416	99.921	100.001	99.941	99.999	99.955	99.943
99.908	94.451	99.930	100.005	99.953	100.017	99.973	99.949
99.915	94.446	99.912	100.002	99.960	99.998	99.966	99.926
99.915	94.459	99.914	99.999	99.962	99.976	99.961	99.929
99.925	94.488	99.903	100.000	99.952	99.978	99.982	99.942
99.904	94.489	99.922	99.998	99.942	99.956	99.969	99.934
99.902	94.499	99.909	99.998	99.947	99.952	99.959	99.942
99.893	94.529	99.923	100.000	99.953	99.953	99.954	99.947
99.905	94.542	99.917	100.000	99.948	99.946	99.959	99.957
99.901	94.526	99.934	99.998	99.927	99.927	99.957	99.949
99.903	94.508	99.929	99.998	99.939	99.926	99.947	99.942
99.909	94.506	99.924	99.997	99.939	99.917	99.959	99.929
99.920	94.503	99.928	99.997	99.961	99.921	99.948	99.933
99.916	94.506	99.920	99.995	99.967	99.906	99.935	99.917
99.931	94.512	99.921	99.994	99.981	99.902	99.917	99.909
99.929	94.497	99.908	99.994	99.990	99.905	99.915	99.891
99.928	94.470	99.911	99.992	99.973	99.893	99.891	99.894
99.921	94.463	99.927	99.994	99.956	99.921	99.900	99.904
99.919	94.449	99.937	99.995	99.961	99.932	99.878	99.905
99.903	94.445	99.942	99.995	99.955	99.930	99.874	99.898
99.909	94.441	99.942	99.995	99.970	99.945	99.886	99.906
99.902	94.440	99.948	99.994	99.958	99.952	99.887	99.899
99.900	94.430	99.949	99.994	99.947	99.946	99.907	99.914
99.894	94.425	99.957	99.992	99.950	99.944	99.905	99.911
99.899	94.437	99.949	99.994	99.955	99.944	99.910	99.922
99.899	94.464	99.951	99.994	99.950	99.947	99.922	99.924
99.888	94.487	99.955	99.996	99.963	99.941	99.922	99.955
99.864	94.463	99.938	99.996	99.950	99.928	99.936	99.951
99.867	94.453	99.960	99.996	99.934	99.931	99.956	99.979
99.869	94.455	99.949	99.996	99.940	99.934	99.962	99.973
99.858	94.451	99.956	99.997	99.920	99.916	99.976	99.979
99.867	94.464	99.949	99.997	99.925	99.918	99.982	99.975
99.856	94.472	99.945	99.994	99.924	99.910	99.985	99.978
99.856	94.470	99.929	99.995	99.927	99.901	99.986	99.969
99.869	94.472	99.940	99.997	99.921	99.911	99.991	99.981
99.881	94.485	99.934	99.998	99.922	99.918	99.989	99.976
99.882	94.456	99.946	99.998	99.924	99.896	99.991	99.975
99.900	94.482	99.934	99.997	99.924	99.904	99.980	99.952
99.927	94.498	99.940	99.998	99.934	99.908	99.987	99.949
99.931	94.495	99.939	99.999	99.939	99.922	99.975	99.949
99.926	94.471	99.937	99.999	99.945	99.934	99.961	99.948
99.916	94.454	99.951	99.995	99.939	99.938	99.964	99.926
99.932	94.441	99.971	99.995	99.943	99.937	99.962	99.921
99.933	94.431	99.949	99.993	99.954	99.936	99.960	99.902
99.932	94.445	99.944	99.995	99.958	99.945	99.946	99.916
99.945	94.431	99.942	99.992	99.973	99.958	99.935	99.938
99.943	94.421	99.951	99.992	99.959	99.957	99.932	99.934
99.953	94.418	99.952	99.994	99.968	99.959	99.926	99.943
99.951	94.439	99.959	99.991	99.976	99.942	99.938	99.950
99.947	94.437	99.952	99.990	99.983	99.927	99.932	99.953
99.923	94.440	99.951	99.991	99.979	99.915	99.936	99.972
99.935	94.464	99.926	99.992	99.995	99.937	99.928	99.976
99.919	94.442	99.937	99.992	99.978	99.938	99.932	99.977
99.893	94.435	99.930	99.995	99.982	99.944	99.905	99.978
99.885	94.432	99.927	99.992	99.971	99.933	99.914	99.976
99.899	94.420	99.924	99.990	99.969	99.926	99.924	99.982
99.912	94.407	99.910	99.990	99.968	99.933	99.915	99.979
99.905	94.416	99.913	99.990	99.960	99.938	99.912	99.983
99.909	94.441	99.907	99.993	99.958	99.939	99.911	99.998
99.915	94.442	99.913	99.993	99.948	99.934	99.930	99.985
99.911	94.461	99.904	99.992	99.959	99.932	99.938	99.976
99.921	94.452	99.889	99.992	99.973	99.936	99.929	99.976
99.914	94.440	99.887	99.993	99.979	99.916	99.924	99.982
99.919	94.395	99.893	99.993	99.961	99.921	99.929	99.981
99.909	94.368	99.884	99.993	99.972	99.927	99.920	99.962
99.917	94.369	99.878	99.995	99.972	99.937	99.931	99.938
99.906	94.339	99.888	99.994	99.958	99.918	99.940	99.941
99.913	94.333	99.879	99.992	99.965	99.913	99.943	99.939
99.912	94.333	99.877	99.992	99.965	99.912	99.953	99.939
99.907	94.316	99.879	99.994	99.967	99.917	99.945	99.933
99.897	94.320	99.877	99.993	99.965	99.896	99.945	99.935
99.903	94.317	99.885	99.993	99.958	99.881	99.956	99.937
99.925	94.305	99.867	99.994	99.948	99.888	99.970	99.931
99.907	94.285	99.880	99.994	99.955	99.882	99.964	99.934
99.907	94.276	99.884	99.994	99.949	99.876	99.949	99.939
99.911	94.270	99.891	99.995	99.938	99.871	99.937	99.931
99.899	94.285	99.904	99.995	99.938	99.869	99.947	99.942
99.903	94.281	99.891	99.995	99.933	99.885	99.947	99.929
99.906	94.309	99.889	99.997	99.927	99.897	99.947	99.931
99.898	94.332	99.917	99.997	99.917	99.889	99.947	99.939
99.890	94.329	99.936	99.996	99.899	99.883	99.937	99.942
99.894	94.370	99.931	99.996	99.912	99.895	99.931	99.938
99.880	94.364	99.944	99.995	99.918	99.910	99.927	99.950
99.889	94.358	99.947	99.995	99.907	99.904	99.936	99.948
99.900	94.355	99.954	99.994	99.908	99.886	99.942	99.948
99.898	94.344	99.956	99.995	99.914	99.892	99.946	99.947
99.886	94.356	99.947	99.996	99.915	99.897	99.943	99.964
99.875	94.373	99.955	99.995	99.927	99.895	99.920	99.970
99.899	94.387	99.947	99.996	99.932	99.902	99.919	99.964
99.887	94.399	99.949	99.998	99.936	99.921	99.930	99.961
99.889	94.420	99.942	99.999	99.930	99.938	99.942	99.965
99.882	94.413	99.949	100.001	99.912	99.940	99.946	99.958
99.870	94.418	99.965	99.998	99.912	99.941	99.944	99.953
99.878	94.420	99.969	100.000	99.921	99.948	99.937	99.940
99.901	94.401	99.940	99.998	99.927	99.947	99.937	99.923
99.917	94.405	99.922	99.997	99.956	99.951	99.931	99.927
99.930	94.370	99.932	99.995	99.957	99.942	99.930	99.933
99.928	94.387	99.918	99.998	99.955	99.937	99.929	99.925
99.924	94.374	99.916	99.997	99.964	99.938	99.918	99.927
99.933	94.372	99.912	99.996	99.959	99.959	99.922	99.923
99.937	94.394	99.915	99.997	99.957	99.965	99.900	99.933
99.951	94.390	99.928	99.997	99.957	99.970	99.907	99.918
99.961	94.360	99.925	99.994	99.963	99.954	99.914	99.931
99.949	94.344	99.929	99.992	99.953	99.956	99.917	99.925
99.951	94.331	99.924	99.993	99.948	99.948	99.917	99.917
99.947	94.322	99.924	99.991	99.960	99.931	99.898	99.904
99.952	94.333	99.923	99.990	99.967	99.943	99.894	99.900
99.956	94.344	99.912	99.993	99.959	99.939	99.908	99.916
99.938	94.346	99.914	99.992	99.962	99.934	99.923	99.928
99.931	94.374	99.929	99.994	99.946	99.953	99.935	99.944
99.913	94.360	99.948	99.994	99.930	99.934	99.936	99.956
99.909	94.399	99.940	99.996	99.923	99.966	99.954	99.951
99.914	94.364	99.939	99.994	99.932	99.952	99.955	99.948
99.919	94.354	99.928	99.994	99.930	99.939	99.948	99.935
99.903	94.388	99.931	99.994	99.934	99.940	99.942	99.958
99.909	94.363	99.936	99.993	99.924	99.938	99.959	99.959
99.895	94.353	99.928	99.995	99.930	99.945	99.950	99.951
99.886	94.385	99.933	99.996	99.916	99.955	99.954	99.944
99.898	94.410	99.922	99.998	99.929	99.958	99.960	99.936
99.889	94.411	99.924	99.997	99.944	99.942	99.956	99.951
99.892	94.424	99.930	99.998	99.930	99.946	99.969	99.967
99.893	94.398	99.915	99.996	99.949	99.942	99.957	99.964
99.889	94.408	99.909	99.998	99.962	99.951	99.934	99.967
99.912	94.410	99.911	99.996	99.944	99.943	99.935	99.960
99.917	94.385	99.895	99.997	99.970	99.933	99.916	99.951
99.915	94.406	99.881	99.998	99.980	99.949	99.931	99.943
99.918	94.400	99.898	99.996	99.981	99.936	99.908	99.945
99.923	94.421	99.900	99.999	99.982	99.961	99.899	99.939
99.921	94.459	99.914	100.002	99.979	99.985	99.904	99.951
99.923	94.463	99.925	100.003	99.975	99.983	99.920	99.941
99.920	94.456	99.910	100.003	99.985	99.974	99.913	99.928
99.921	94.473	99.915	100.002	99.980	99.965	99.923	99.931
99.911	94.478	99.917	100.003	99.999	99.976	99.914	99.930
99.901	94.467	99.923	100.004	99.989	99.966	99.911	99.924
99.897	94.457	99.930	100.002	99.980	99.970	99.914	99.920
99.906	94.445	99.922	100.005	100.003	99.986	99.915	99.921
99.905	94.431	99.915	100.005	100.004	99.979	99.915	99.900
99.898	94.423	99.924	100.002	99.995	99.956	99.910	99.899
99.885	94.416	99.927	100.002	100.013	99.961	99.906	99.909
99.888	94.414	99.929	99.999	100.003	99.935	99.914	99.916
99.895	94.397	99.927	99.998	99.976	99.922	99.919	99.911
99.899	94.396	99.930	100.000	99.964	99.921	99.928	99.905
99.895	94.365	99.915	99.999	99.967	99.907	99.935	99.902
99.904	94.346	99.902	99.997	99.977	99.900	99.939	99.909
99.902	94.325	99.897	99.998	99.971	99.895	99.938	99.903
99.899	94.333	99.914	99.999	99.958	99.890	99.948	99.898
99.903	94.338	99.917	99.997	99.959	99.899	99.948	99.899
99.917	94.338	99.910	99.997	99.945	99.883	99.951	99.912
99.908	94.343	99.918	99.994	99.949	99.892	99.950	99.932
99.918	94.332	99.915	99.994	99.943	99.894	99.954	99.927
99.917	94.310	99.902	99.993	99.943	99.874	99.958	99.915
99.921	94.321	99.912	99.994	99.948	99.876	99.965	99.933
99.920	94.315	99.902	99.995	99.961	99.892	99.972	99.933
99.910	94.301	99.889	99.995	99.956	99.886	99.966	99.923
99.914	94.288	99.893	99.996	99.962	99.910	99.964	99.927
99.916	94.269	99.901	99.995	99.981	99.927	99.954	99.940
99.909	94.235	99.895	99.992	99.998	99.919	99.951	99.940
99.910	94.222	99.904	99.991	99.993	99.917	99.954	99.949
99.872	94.206	99.912	99.990	99.982	99.913	99.950	99.936
99.892	94.212	99.901	99.988	99.991	99.928	99.948	99.946
99.898	94.213	99.896	99.986	99.996	99.928	99.941	99.971
99.891	94.190	99.882	99.990	99.998	99.929	99.930	99.956
99.894	94.167	99.884	99.991	100.005	99.937	99.929	99.946
99.903	94.150	99.877	99.991	100.023	99.943	99.913	99.931
99.905	94.145	99.881	99.992	100.019	99.945	99.911	99.928
99.904	94.159	99.909	99.993	100.008	99.956	99.923	99.945
99.909	94.162	99.911	99.993	100.005	99.949	99.922	99.945
99.924	94.162	99.905	99.994	99.992	99.952	99.931	99.936
99.933	94.184	99.932	99.995	99.999	99.971	99.933	99.952
99.928	94.210	99.916	99.995	100.004	99.964	99.927	99.944
99.940	94.218	99.906	99.996	100.008	99.962	99.932	99.927
99.945	94.233	99.903	99.998	99.999	99.963	99.931	99.928
99.952	94.237	99.907	99.998	100.000	99.953	99.926	99.935
99.973	94.250	99.900	100.001	100.002	99.958	99.928	99.924
99.949	94.235	99.913	100.001	100.015	99.953	99.906	99.929
99.946	94.225	99.916	100.001	100.021	99.951	99.900	99.927
99.957	94.251	99.912	99.999	100.040	99.957	99.880	99.938
99.949	94.254	99.916	99.997	100.033	99.961	99.894	99.936
99.953	94.257	99.909	100.001	100.018	99.948	99.910	99.945
99.945	94.287	99.884	100.002	100.029	99.958	99.897	99.941
99.950	94.272	99.866	100.000	100.017	99.958	99.882	99.925
99.948	94.247	99.861	99.997	100.015	99.964	99.868	99.929
99.930	94.244	99.883	99.997	100.010	99.944	99.873	99.948
99.928	94.220	99.856	99.998	100.011	99.915	99.863	99.950
99.918	94.224	99.882	99.999	99.987	99.927	99.872	99.949
99.914	94.229	99.887	99.999	99.982	99.926	99.869	99.956
99.917	94.224	99.873	99.999	99.993	99.930	99.858	99.966
99.915	94.260	99.882	100.000	99.993	99.939	99.862	99.966
99.921	94.248	99.893	99.997	99.993	99.935	99.864	99.976
99.930	94.251	99.902	99.998	99.983	99.941	99.877	99.981
99.936	94.258	99.891	99.999	99.967	99.949	99.889	99.968
99.933	94.235	99.908	99.999	99.949	99.949	99.906	99.969
99.935	94.226	99.908	99.999	99.955	99.939	99.894	99.978
99.923	94.242	99.923	99.996	99.953	99.948	99.893	99.982
99.935	94.231	99.949	99.995	99.932	99.932	99.908	99.988
99.944	94.255	99.952	99.998	99.957	99.923	99.913	99.999
99.931	94.289	99.964	100.000	99.958	99.936	99.932	99.985
99.948	94.289	99.968	99.999	99.965	99.945	99.931	99.979
99.958	94.323	99.981	99.999	99.962	99.974	99.952	99.967
99.962	94.333	99.966	99.998	99.981	99.971	99.941	99.988
99.956	94.329	99.960	99.998	99.983	99.977	99.927	99.993
99.952	94.319	99.967	99.997	99.981	99.967	99.928	99.989
99.948	94.315	99.952	99.996	99.983	99.962	99.924	99.978
99.949	94.327	99.952	99.997	99.971	99.960	99.920	99.978
99.949	94.347	99.950	99.995	99.969	99.947	99.929	99.966
99.936	94.346	99.955	99.995	99.968	99.955	99.934	99.974
99.942	94.362	99.937	99.995	99.970	99.957	99.943	99.970
99.952	94.348	99.943	99.994	99.965	99.968	99.937	99.961
99.962	94.365	99.942	99.994	99.960	99.963	99.938	99.955
99.963	94.367	99.925	99.994	99.957	99.970	99.938	99.948
99.954	94.359	99.924	99.992	99.944	99.967	99.953	99.947
99.971	94.349	99.925	99.991	99.933	99.963	99.947	99.960
99.956	94.370	99.908	99.992	99.923	99.965	99.939	99.957
99.944	94.366	99.917	99.990	99.917	99.948	99.934	99.972
99.932	94.338	99.933	99.990	99.918	99.934	99.942	99.957
99.933	94.339	99.932	99.991	99.929	99.927	99.947	99.937
99.930	94.350	99.934	99.991	99.914	99.925	99.956	99.952
99.941	94.344	99.939	99.992	99.915	99.929	99.962	99.943
99.942	94.339	99.931	99.993	99.920	99.925	99.967	99.939
99.948	94.331	99.940	99.993	99.922	99.933	99.963	99.928
99.955	94.330	99.931	99.994	99.934	99.928	99.962	99.921
99.943	94.321	99.934	99.994	99.931	99.908	99.950	99.926
99.945	94.346	99.925	99.996	99.936	99.899	99.966	99.934
99.948	94.324	99.912	99.995	99.938	99.890	99.965	99.921
99.941	94.318	99.919	99.996	99.949	99.887	99.958	99.938
99.928	94.323	99.921	99.996	99.936	99.894	99.949	99.938
99.919	94.332	99.911	99.997	99.953	99.891	99.934	99.938
99.923	94.305	99.921	99.996	99.955	99.876	99.940	99.933
99.918	94.306	99.904	99.996	99.956	99.878	99.945	99.936
99.932	94.295	99.893	99.996	99.949	99.884	99.948	99.948
99.928	94.302	99.901	99.994	99.934	99.882	99.945	99.973
99.929	94.306	99.910	99.993	99.931	99.889	99.946	99.951
99.917	94.329	99.912	99.995	99.930	99.882	99.933	99.968
99.913	94.322	99.904	99.995	99.941	99.883	99.938	99.984
